40	780
0	0	1
1	0	2
1	1	3
2	0	0
2	1	0
2	2	2
3	0	0
3	1	0
3	2	2
3	3	1
4	0	0
4	1	0
4	2	2
4	3	0
4	4	3
5	0	0
5	1	0
5	2	0
5	3	0
5	4	0
5	5	1
6	0	0
6	1	0
6	2	2
6	3	2
6	4	0
6	5	2
6	6	4
7	0	0
7	1	0
7	2	2
7	3	2
7	4	4
7	5	0
7	6	6
7	7	5
8	0	0
8	1	0
8	2	0
8	3	0
8	4	0
8	5	0
8	6	2
8	7	2
8	8	2
9	0	0
9	1	0
9	2	0
9	3	0
9	4	2
9	5	2
9	6	4
9	7	4
9	8	0
9	9	5
10	0	0
10	1	0
10	2	0
10	3	0
10	4	0
10	5	0
10	6	2
10	7	2
10	8	2
10	9	4
10	10	3
11	0	0
11	1	0
11	2	0
11	3	0
11	4	0
11	5	2
11	6	2
11	7	0
11	8	2
11	9	6
11	10	4
11	11	5
12	0	0
12	1	0
12	2	0
12	3	0
12	4	0
12	5	0
12	6	2
12	7	2
12	8	0
12	9	6
12	10	4
12	11	4
12	12	4
13	0	0
13	1	0
13	2	0
13	3	0
13	4	0
13	5	0
13	6	0
13	7	0
13	8	2
13	9	2
13	10	2
13	11	6
13	12	4
13	13	5
14	0	0
14	1	0
14	2	0
14	3	0
14	4	0
14	5	0
14	6	0
14	7	0
14	8	0
14	9	0
14	10	0
14	11	2
14	12	0
14	13	4
14	14	3
15	0	0
15	1	0
15	2	0
15	3	0
15	4	0
15	5	0
15	6	0
15	7	0
15	8	0
15	9	2
15	10	2
15	11	2
15	12	4
15	13	2
15	14	2
15	15	3
16	0	0
16	1	0
16	2	0
16	3	0
16	4	0
16	5	0
16	6	0
16	7	0
16	8	0
16	9	0
16	10	0
16	11	0
16	12	2
16	13	2
16	14	2
16	15	4
16	16	2
17	0	0
17	1	0
17	2	0
17	3	0
17	4	0
17	5	0
17	6	0
17	7	0
17	8	0
17	9	0
17	10	0
17	11	0
17	12	2
17	13	2
17	14	0
17	15	2
17	16	2
17	17	2
18	0	0
18	1	0
18	2	0
18	3	0
18	4	0
18	5	0
18	6	0
18	7	0
18	8	0
18	9	0
18	10	0
18	11	0
18	12	0
18	13	0
18	14	2
18	15	2
18	16	2
18	17	0
18	18	4
19	0	0
19	1	0
19	2	0
19	3	0
19	4	0
19	5	0
19	6	0
19	7	0
19	8	0
19	9	0
19	10	0
19	11	0
19	12	0
19	13	0
19	14	0
19	15	0
19	16	0
19	17	0
19	18	2
19	19	2
20	0	0
20	1	0
20	2	0
20	3	0
20	4	0
20	5	0
20	6	0
20	7	0
20	8	0
20	9	0
20	10	0
20	11	0
20	12	0
20	13	0
20	14	0
20	15	0
20	16	0
20	17	0
20	18	0
20	19	0
20	20	2
21	0	0
21	1	0
21	2	0
21	3	0
21	4	0
21	5	0
21	6	0
21	7	0
21	8	0
21	9	0
21	10	0
21	11	0
21	12	0
21	13	0
21	14	0
21	15	0
21	16	0
21	17	0
21	18	2
21	19	2
21	20	4
21	21	5
22	0	0
22	1	0
22	2	0
22	3	0
22	4	0
22	5	0
22	6	0
22	7	0
22	8	0
22	9	0
22	10	0
22	11	0
22	12	0
22	13	0
22	14	0
22	15	0
22	16	0
22	17	0
22	18	2
22	19	2
22	20	2
22	21	6
22	22	4
23	0	0
23	1	0
23	2	0
23	3	0
23	4	0
23	5	0
23	6	0
23	7	0
23	8	0
23	9	0
23	10	0
23	11	0
23	12	0
23	13	0
23	14	0
23	15	0
23	16	0
23	17	0
23	18	0
23	19	2
23	20	2
23	21	4
23	22	4
23	23	2
24	0	0
24	1	0
24	2	0
24	3	0
24	4	0
24	5	0
24	6	0
24	7	0
24	8	0
24	9	0
24	10	0
24	11	0
24	12	0
24	13	0
24	14	0
24	15	0
24	16	0
24	17	0
24	18	0
24	19	2
24	20	4
24	21	6
24	22	6
24	23	4
24	24	4
25	0	0
25	1	0
25	2	0
25	3	0
25	4	0
25	5	0
25	6	0
25	7	0
25	8	0
25	9	0
25	10	0
25	11	0
25	12	0
25	13	0
25	14	0
25	15	0
25	16	0
25	17	0
25	18	0
25	19	2
25	20	2
25	21	4
25	22	6
25	23	4
25	24	6
25	25	3
26	0	0
26	1	0
26	2	0
26	3	0
26	4	0
26	5	0
26	6	0
26	7	0
26	8	0
26	9	0
26	10	0
26	11	0
26	12	0
26	13	0
26	14	0
26	15	0
26	16	0
26	17	0
26	18	0
26	19	0
26	20	0
26	21	0
26	22	0
26	23	0
26	24	0
26	25	0
26	26	1
27	0	0
27	1	0
27	2	0
27	3	0
27	4	0
27	5	0
27	6	0
27	7	0
27	8	0
27	9	0
27	10	0
27	11	0
27	12	0
27	13	0
27	14	0
27	15	0
27	16	0
27	17	0
27	18	0
27	19	0
27	20	0
27	21	2
27	22	0
27	23	0
27	24	0
27	25	0
27	26	2
27	27	4
28	0	0
28	1	0
28	2	0
28	3	0
28	4	0
28	5	0
28	6	0
28	7	0
28	8	0
28	9	0
28	10	0
28	11	0
28	12	0
28	13	0
28	14	0
28	15	0
28	16	0
28	17	0
28	18	0
28	19	0
28	20	0
28	21	0
28	22	0
28	23	0
28	24	0
28	25	0
28	26	2
28	27	4
28	28	4
29	0	0
29	1	0
29	2	0
29	3	0
29	4	0
29	5	0
29	6	0
29	7	0
29	8	0
29	9	0
29	10	0
29	11	0
29	12	0
29	13	0
29	14	0
29	15	0
29	16	0
29	17	0
29	18	0
29	19	0
29	20	0
29	21	0
29	22	0
29	23	0
29	24	0
29	25	0
29	26	2
29	27	4
29	28	4
29	29	3
30	0	0
30	1	0
30	2	0
30	3	0
30	4	0
30	5	0
30	6	0
30	7	0
30	8	0
30	9	0
30	10	0
30	11	0
30	12	0
30	13	0
30	14	0
30	15	0
30	16	0
30	17	0
30	18	0
30	19	0
30	20	0
30	21	0
30	22	0
30	23	0
30	24	0
30	25	0
30	26	0
30	27	4
30	28	4
30	29	2
30	30	5
31	0	0
31	1	0
31	2	0
31	3	0
31	4	0
31	5	0
31	6	0
31	7	0
31	8	0
31	9	0
31	10	0
31	11	0
31	12	0
31	13	0
31	14	0
31	15	0
31	16	0
31	17	0
31	18	0
31	19	0
31	20	0
31	21	0
31	22	0
31	23	0
31	24	0
31	25	0
31	26	0
31	27	2
31	28	2
31	29	2
31	30	6
31	31	4
32	0	0
32	1	0
32	2	0
32	3	0
32	4	0
32	5	0
32	6	0
32	7	0
32	8	0
32	9	0
32	10	0
32	11	0
32	12	0
32	13	0
32	14	0
32	15	0
32	16	0
32	17	0
32	18	0
32	19	0
32	20	0
32	21	0
32	22	0
32	23	0
32	24	0
32	25	0
32	26	0
32	27	2
32	28	2
32	29	2
32	30	6
32	31	4
32	32	4
33	0	0
33	1	0
33	2	0
33	3	0
33	4	0
33	5	0
33	6	0
33	7	0
33	8	0
33	9	0
33	10	0
33	11	0
33	12	0
33	13	0
33	14	0
33	15	0
33	16	0
33	17	0
33	18	0
33	19	0
33	20	0
33	21	0
33	22	0
33	23	0
33	24	0
33	25	0
33	26	0
33	27	0
33	28	2
33	29	2
33	30	2
33	31	2
33	32	2
33	33	4
34	0	0
34	1	0
34	2	0
34	3	0
34	4	0
34	5	0
34	6	0
34	7	0
34	8	0
34	9	0
34	10	0
34	11	0
34	12	0
34	13	0
34	14	0
34	15	0
34	16	0
34	17	0
34	18	0
34	19	0
34	20	0
34	21	0
34	22	0
34	23	0
34	24	0
34	25	0
34	26	0
34	27	0
34	28	0
34	29	0
34	30	4
34	31	2
34	32	4
34	33	6
34	34	6
35	0	0
35	1	0
35	2	0
35	3	0
35	4	0
35	5	0
35	6	0
35	7	0
35	8	0
35	9	0
35	10	0
35	11	0
35	12	0
35	13	0
35	14	0
35	15	0
35	16	0
35	17	0
35	18	0
35	19	0
35	20	0
35	21	0
35	22	0
35	23	0
35	24	0
35	25	0
35	26	0
35	27	0
35	28	0
35	29	0
35	30	0
35	31	0
35	32	0
35	33	2
35	34	4
35	35	3
36	0	0
36	1	0
36	2	0
36	3	0
36	4	0
36	5	0
36	6	0
36	7	0
36	8	0
36	9	0
36	10	0
36	11	0
36	12	0
36	13	0
36	14	0
36	15	0
36	16	0
36	17	0
36	18	0
36	19	0
36	20	0
36	21	0
36	22	0
36	23	0
36	24	0
36	25	0
36	26	0
36	27	0
36	28	0
36	29	0
36	30	0
36	31	0
36	32	2
36	33	2
36	34	4
36	35	0
36	36	3
37	0	0
37	1	0
37	2	0
37	3	0
37	4	0
37	5	0
37	6	0
37	7	0
37	8	0
37	9	0
37	10	0
37	11	0
37	12	0
37	13	0
37	14	0
37	15	0
37	16	0
37	17	0
37	18	0
37	19	0
37	20	0
37	21	0
37	22	0
37	23	0
37	24	0
37	25	0
37	26	0
37	27	0
37	28	0
37	29	0
37	30	0
37	31	0
37	32	2
37	33	4
37	34	8
37	35	6
37	36	4
37	37	5
38	0	0
38	1	0
38	2	0
38	3	0
38	4	0
38	5	0
38	6	0
38	7	0
38	8	0
38	9	0
38	10	0
38	11	0
38	12	0
38	13	0
38	14	0
38	15	0
38	16	0
38	17	0
38	18	0
38	19	0
38	20	0
38	21	0
38	22	0
38	23	0
38	24	0
38	25	0
38	26	0
38	27	0
38	28	0
38	29	0
38	30	0
38	31	0
38	32	0
38	33	0
38	34	0
38	35	0
38	36	2
38	37	0
38	38	1
39	0	0
39	1	0
39	2	0
39	3	0
39	4	0
39	5	0
39	6	0
39	7	0
39	8	0
39	9	0
39	10	0
39	11	0
39	12	0
39	13	0
39	14	0
39	15	0
39	16	0
39	17	0
39	18	0
39	19	0
39	20	0
39	21	0
39	22	0
39	23	0
39	24	0
39	25	0
39	26	0
39	27	0
39	28	0
39	29	0
39	30	0
39	31	0
39	32	0
39	33	2
39	34	2
39	35	2
39	36	2
39	37	2
39	38	2
39	39	2