######### Automatically generated DAT file from nesta_case118_ieee.m #########
param case_name := "nesta_case118_ieee";
param mva_base := 100.0;
param ref_bus := 69;
param theta_bound :=  0.523598776;
set buses :=
1
2
3
4
5
6
7
8
9
10
11
12
13
14
15
16
17
18
19
20
21
22
23
24
25
26
27
28
29
30
31
32
33
34
35
36
37
38
39
40
41
42
43
44
45
46
47
48
49
50
51
52
53
54
55
56
57
58
59
60
61
62
63
64
65
66
67
68
69
70
71
72
73
74
75
76
77
78
79
80
81
82
83
84
85
86
87
88
89
90
91
92
93
94
95
96
97
98
99
100
101
102
103
104
105
106
107
108
109
110
111
112
113
114
115
116
117
118
;
set gens :=
0
1
2
3
4
5
6
7
8
9
10
11
12
13
14
15
16
17
18
19
20
21
22
23
24
25
26
27
28
29
30
31
32
33
34
35
36
37
38
39
40
41
42
43
44
45
46
47
48
49
50
51
52
53
;
set lines := 
1
2
3
4
5
6
7
8
9
10
11
12
13
14
15
16
17
18
19
20
21
22
23
24
25
26
27
28
29
30
31
32
33
34
35
36
37
38
39
40
41
42
43
44
45
46
47
48
49
50
51
52
53
54
55
56
57
58
59
60
61
62
63
64
65
66
67
68
69
70
71
72
73
74
75
76
77
78
79
80
81
82
83
84
85
86
87
88
89
90
91
92
93
94
95
96
97
98
99
100
101
102
103
104
105
106
107
108
109
110
111
112
113
114
115
116
117
118
119
120
121
122
123
124
125
126
127
128
129
130
131
132
133
134
135
136
137
138
139
140
141
142
143
144
145
146
147
148
149
150
151
152
153
154
155
156
157
158
159
160
161
162
163
164
165
166
167
168
169
170
171
172
173
174
175
176
177
178
179
180
181
182
183
184
185
186
;
set bus_gen :=
( 1 , 0 )
( 4 , 1 )
( 6 , 2 )
( 8 , 3 )
( 10 , 4 )
( 12 , 5 )
( 15 , 6 )
( 18 , 7 )
( 19 , 8 )
( 24 , 9 )
( 25 , 10 )
( 26 , 11 )
( 27 , 12 )
( 31 , 13 )
( 32 , 14 )
( 34 , 15 )
( 36 , 16 )
( 40 , 17 )
( 42 , 18 )
( 46 , 19 )
( 49 , 20 )
( 54 , 21 )
( 55 , 22 )
( 56 , 23 )
( 59 , 24 )
( 61 , 25 )
( 62 , 26 )
( 65 , 27 )
( 66 , 28 )
( 69 , 29 )
( 70 , 30 )
( 72 , 31 )
( 73 , 32 )
( 74 , 33 )
( 76 , 34 )
( 77 , 35 )
( 80 , 36 )
( 85 , 37 )
( 87 , 38 )
( 89 , 39 )
( 90 , 40 )
( 91 , 41 )
( 92 , 42 )
( 99 , 43 )
( 100 , 44 )
( 103 , 45 )
( 104 , 46 )
( 105 , 47 )
( 107 , 48 )
( 110 , 49 )
( 111 , 50 )
( 112 , 51 )
( 113 , 52 )
( 116 , 53 )
;
set buses_all :=
1
2
3
4
5
6
7
8
9
10
11
12
13
14
15
16
17
18
19
20
21
22
23
24
25
26
27
28
29
30
31
32
33
34
35
36
37
38
39
40
41
42
43
44
45
46
47
48
49
50
51
52
53
54
55
56
57
58
59
60
61
62
63
64
65
66
67
68
69
70
71
72
73
74
75
76
77
78
79
80
81
82
83
84
85
86
87
88
89
90
91
92
93
94
95
96
97
98
99
100
101
102
103
104
105
106
107
108
109
110
111
112
113
114
115
116
117
118
;
set gens_all :=
0
1
2
3
4
5
6
7
8
9
10
11
12
13
14
15
16
17
18
19
20
21
22
23
24
25
26
27
28
29
30
31
32
33
34
35
36
37
38
39
40
41
42
43
44
45
46
47
48
49
50
51
52
53
;
set lines_all := 
1
2
3
4
5
6
7
8
9
10
11
12
13
14
15
16
17
18
19
20
21
22
23
24
25
26
27
28
29
30
31
32
33
34
35
36
37
38
39
40
41
42
43
44
45
46
47
48
49
50
51
52
53
54
55
56
57
58
59
60
61
62
63
64
65
66
67
68
69
70
71
72
73
74
75
76
77
78
79
80
81
82
83
84
85
86
87
88
89
90
91
92
93
94
95
96
97
98
99
100
101
102
103
104
105
106
107
108
109
110
111
112
113
114
115
116
117
118
119
120
121
122
123
124
125
126
127
128
129
130
131
132
133
134
135
136
137
138
139
140
141
142
143
144
145
146
147
148
149
150
151
152
153
154
155
156
157
158
159
160
161
162
163
164
165
166
167
168
169
170
171
172
173
174
175
176
177
178
179
180
181
182
183
184
185
186
;
set bus_gen_all :=
( 1 , 0 )
( 4 , 1 )
( 6 , 2 )
( 8 , 3 )
( 10 , 4 )
( 12 , 5 )
( 15 , 6 )
( 18 , 7 )
( 19 , 8 )
( 24 , 9 )
( 25 , 10 )
( 26 , 11 )
( 27 , 12 )
( 31 , 13 )
( 32 , 14 )
( 34 , 15 )
( 36 , 16 )
( 40 , 17 )
( 42 , 18 )
( 46 , 19 )
( 49 , 20 )
( 54 , 21 )
( 55 , 22 )
( 56 , 23 )
( 59 , 24 )
( 61 , 25 )
( 62 , 26 )
( 65 , 27 )
( 66 , 28 )
( 69 , 29 )
( 70 , 30 )
( 72 , 31 )
( 73 , 32 )
( 74 , 33 )
( 76 , 34 )
( 77 , 35 )
( 80 , 36 )
( 85 , 37 )
( 87 , 38 )
( 89 , 39 )
( 90 , 40 )
( 91 , 41 )
( 92 , 42 )
( 99 , 43 )
( 100 , 44 )
( 103 , 45 )
( 104 , 46 )
( 105 , 47 )
( 107 , 48 )
( 110 , 49 )
( 111 , 50 )
( 112 , 51 )
( 113 , 52 )
( 116 , 53 )
;
set arcs_from := 
( 1 , 1 , 2 )
( 2 , 1 , 3 )
( 3 , 4 , 5 )
( 4 , 3 , 5 )
( 5 , 5 , 6 )
( 6 , 6 , 7 )
( 7 , 8 , 9 )
( 8 , 8 , 5 )
( 9 , 9 , 10 )
( 10 , 4 , 11 )
( 11 , 5 , 11 )
( 12 , 11 , 12 )
( 13 , 2 , 12 )
( 14 , 3 , 12 )
( 15 , 7 , 12 )
( 16 , 11 , 13 )
( 17 , 12 , 14 )
( 18 , 13 , 15 )
( 19 , 14 , 15 )
( 20 , 12 , 16 )
( 21 , 15 , 17 )
( 22 , 16 , 17 )
( 23 , 17 , 18 )
( 24 , 18 , 19 )
( 25 , 19 , 20 )
( 26 , 15 , 19 )
( 27 , 20 , 21 )
( 28 , 21 , 22 )
( 29 , 22 , 23 )
( 30 , 23 , 24 )
( 31 , 23 , 25 )
( 32 , 26 , 25 )
( 33 , 25 , 27 )
( 34 , 27 , 28 )
( 35 , 28 , 29 )
( 36 , 30 , 17 )
( 37 , 8 , 30 )
( 38 , 26 , 30 )
( 39 , 17 , 31 )
( 40 , 29 , 31 )
( 41 , 23 , 32 )
( 42 , 31 , 32 )
( 43 , 27 , 32 )
( 44 , 15 , 33 )
( 45 , 19 , 34 )
( 46 , 35 , 36 )
( 47 , 35 , 37 )
( 48 , 33 , 37 )
( 49 , 34 , 36 )
( 50 , 34 , 37 )
( 51 , 38 , 37 )
( 52 , 37 , 39 )
( 53 , 37 , 40 )
( 54 , 30 , 38 )
( 55 , 39 , 40 )
( 56 , 40 , 41 )
( 57 , 40 , 42 )
( 58 , 41 , 42 )
( 59 , 43 , 44 )
( 60 , 34 , 43 )
( 61 , 44 , 45 )
( 62 , 45 , 46 )
( 63 , 46 , 47 )
( 64 , 46 , 48 )
( 65 , 47 , 49 )
( 66 , 42 , 49 )
( 67 , 42 , 49 )
( 68 , 45 , 49 )
( 69 , 48 , 49 )
( 70 , 49 , 50 )
( 71 , 49 , 51 )
( 72 , 51 , 52 )
( 73 , 52 , 53 )
( 74 , 53 , 54 )
( 75 , 49 , 54 )
( 76 , 49 , 54 )
( 77 , 54 , 55 )
( 78 , 54 , 56 )
( 79 , 55 , 56 )
( 80 , 56 , 57 )
( 81 , 50 , 57 )
( 82 , 56 , 58 )
( 83 , 51 , 58 )
( 84 , 54 , 59 )
( 85 , 56 , 59 )
( 86 , 56 , 59 )
( 87 , 55 , 59 )
( 88 , 59 , 60 )
( 89 , 59 , 61 )
( 90 , 60 , 61 )
( 91 , 60 , 62 )
( 92 , 61 , 62 )
( 93 , 63 , 59 )
( 94 , 63 , 64 )
( 95 , 64 , 61 )
( 96 , 38 , 65 )
( 97 , 64 , 65 )
( 98 , 49 , 66 )
( 99 , 49 , 66 )
( 100 , 62 , 66 )
( 101 , 62 , 67 )
( 102 , 65 , 66 )
( 103 , 66 , 67 )
( 104 , 65 , 68 )
( 105 , 47 , 69 )
( 106 , 49 , 69 )
( 107 , 68 , 69 )
( 108 , 69 , 70 )
( 109 , 24 , 70 )
( 110 , 70 , 71 )
( 111 , 24 , 72 )
( 112 , 71 , 72 )
( 113 , 71 , 73 )
( 114 , 70 , 74 )
( 115 , 70 , 75 )
( 116 , 69 , 75 )
( 117 , 74 , 75 )
( 118 , 76 , 77 )
( 119 , 69 , 77 )
( 120 , 75 , 77 )
( 121 , 77 , 78 )
( 122 , 78 , 79 )
( 123 , 77 , 80 )
( 124 , 77 , 80 )
( 125 , 79 , 80 )
( 126 , 68 , 81 )
( 127 , 81 , 80 )
( 128 , 77 , 82 )
( 129 , 82 , 83 )
( 130 , 83 , 84 )
( 131 , 83 , 85 )
( 132 , 84 , 85 )
( 133 , 85 , 86 )
( 134 , 86 , 87 )
( 135 , 85 , 88 )
( 136 , 85 , 89 )
( 137 , 88 , 89 )
( 138 , 89 , 90 )
( 139 , 89 , 90 )
( 140 , 90 , 91 )
( 141 , 89 , 92 )
( 142 , 89 , 92 )
( 143 , 91 , 92 )
( 144 , 92 , 93 )
( 145 , 92 , 94 )
( 146 , 93 , 94 )
( 147 , 94 , 95 )
( 148 , 80 , 96 )
( 149 , 82 , 96 )
( 150 , 94 , 96 )
( 151 , 80 , 97 )
( 152 , 80 , 98 )
( 153 , 80 , 99 )
( 154 , 92 , 100 )
( 155 , 94 , 100 )
( 156 , 95 , 96 )
( 157 , 96 , 97 )
( 158 , 98 , 100 )
( 159 , 99 , 100 )
( 160 , 100 , 101 )
( 161 , 92 , 102 )
( 162 , 101 , 102 )
( 163 , 100 , 103 )
( 164 , 100 , 104 )
( 165 , 103 , 104 )
( 166 , 103 , 105 )
( 167 , 100 , 106 )
( 168 , 104 , 105 )
( 169 , 105 , 106 )
( 170 , 105 , 107 )
( 171 , 105 , 108 )
( 172 , 106 , 107 )
( 173 , 108 , 109 )
( 174 , 103 , 110 )
( 175 , 109 , 110 )
( 176 , 110 , 111 )
( 177 , 110 , 112 )
( 178 , 17 , 113 )
( 179 , 32 , 113 )
( 180 , 32 , 114 )
( 181 , 27 , 115 )
( 182 , 114 , 115 )
( 183 , 68 , 116 )
( 184 , 12 , 117 )
( 185 , 75 , 118 )
( 186 , 76 , 118 )
;
set arcs_to := 
( 1 , 2 , 1 )
( 2 , 3 , 1 )
( 3 , 5 , 4 )
( 4 , 5 , 3 )
( 5 , 6 , 5 )
( 6 , 7 , 6 )
( 7 , 9 , 8 )
( 8 , 5 , 8 )
( 9 , 10 , 9 )
( 10 , 11 , 4 )
( 11 , 11 , 5 )
( 12 , 12 , 11 )
( 13 , 12 , 2 )
( 14 , 12 , 3 )
( 15 , 12 , 7 )
( 16 , 13 , 11 )
( 17 , 14 , 12 )
( 18 , 15 , 13 )
( 19 , 15 , 14 )
( 20 , 16 , 12 )
( 21 , 17 , 15 )
( 22 , 17 , 16 )
( 23 , 18 , 17 )
( 24 , 19 , 18 )
( 25 , 20 , 19 )
( 26 , 19 , 15 )
( 27 , 21 , 20 )
( 28 , 22 , 21 )
( 29 , 23 , 22 )
( 30 , 24 , 23 )
( 31 , 25 , 23 )
( 32 , 25 , 26 )
( 33 , 27 , 25 )
( 34 , 28 , 27 )
( 35 , 29 , 28 )
( 36 , 17 , 30 )
( 37 , 30 , 8 )
( 38 , 30 , 26 )
( 39 , 31 , 17 )
( 40 , 31 , 29 )
( 41 , 32 , 23 )
( 42 , 32 , 31 )
( 43 , 32 , 27 )
( 44 , 33 , 15 )
( 45 , 34 , 19 )
( 46 , 36 , 35 )
( 47 , 37 , 35 )
( 48 , 37 , 33 )
( 49 , 36 , 34 )
( 50 , 37 , 34 )
( 51 , 37 , 38 )
( 52 , 39 , 37 )
( 53 , 40 , 37 )
( 54 , 38 , 30 )
( 55 , 40 , 39 )
( 56 , 41 , 40 )
( 57 , 42 , 40 )
( 58 , 42 , 41 )
( 59 , 44 , 43 )
( 60 , 43 , 34 )
( 61 , 45 , 44 )
( 62 , 46 , 45 )
( 63 , 47 , 46 )
( 64 , 48 , 46 )
( 65 , 49 , 47 )
( 66 , 49 , 42 )
( 67 , 49 , 42 )
( 68 , 49 , 45 )
( 69 , 49 , 48 )
( 70 , 50 , 49 )
( 71 , 51 , 49 )
( 72 , 52 , 51 )
( 73 , 53 , 52 )
( 74 , 54 , 53 )
( 75 , 54 , 49 )
( 76 , 54 , 49 )
( 77 , 55 , 54 )
( 78 , 56 , 54 )
( 79 , 56 , 55 )
( 80 , 57 , 56 )
( 81 , 57 , 50 )
( 82 , 58 , 56 )
( 83 , 58 , 51 )
( 84 , 59 , 54 )
( 85 , 59 , 56 )
( 86 , 59 , 56 )
( 87 , 59 , 55 )
( 88 , 60 , 59 )
( 89 , 61 , 59 )
( 90 , 61 , 60 )
( 91 , 62 , 60 )
( 92 , 62 , 61 )
( 93 , 59 , 63 )
( 94 , 64 , 63 )
( 95 , 61 , 64 )
( 96 , 65 , 38 )
( 97 , 65 , 64 )
( 98 , 66 , 49 )
( 99 , 66 , 49 )
( 100 , 66 , 62 )
( 101 , 67 , 62 )
( 102 , 66 , 65 )
( 103 , 67 , 66 )
( 104 , 68 , 65 )
( 105 , 69 , 47 )
( 106 , 69 , 49 )
( 107 , 69 , 68 )
( 108 , 70 , 69 )
( 109 , 70 , 24 )
( 110 , 71 , 70 )
( 111 , 72 , 24 )
( 112 , 72 , 71 )
( 113 , 73 , 71 )
( 114 , 74 , 70 )
( 115 , 75 , 70 )
( 116 , 75 , 69 )
( 117 , 75 , 74 )
( 118 , 77 , 76 )
( 119 , 77 , 69 )
( 120 , 77 , 75 )
( 121 , 78 , 77 )
( 122 , 79 , 78 )
( 123 , 80 , 77 )
( 124 , 80 , 77 )
( 125 , 80 , 79 )
( 126 , 81 , 68 )
( 127 , 80 , 81 )
( 128 , 82 , 77 )
( 129 , 83 , 82 )
( 130 , 84 , 83 )
( 131 , 85 , 83 )
( 132 , 85 , 84 )
( 133 , 86 , 85 )
( 134 , 87 , 86 )
( 135 , 88 , 85 )
( 136 , 89 , 85 )
( 137 , 89 , 88 )
( 138 , 90 , 89 )
( 139 , 90 , 89 )
( 140 , 91 , 90 )
( 141 , 92 , 89 )
( 142 , 92 , 89 )
( 143 , 92 , 91 )
( 144 , 93 , 92 )
( 145 , 94 , 92 )
( 146 , 94 , 93 )
( 147 , 95 , 94 )
( 148 , 96 , 80 )
( 149 , 96 , 82 )
( 150 , 96 , 94 )
( 151 , 97 , 80 )
( 152 , 98 , 80 )
( 153 , 99 , 80 )
( 154 , 100 , 92 )
( 155 , 100 , 94 )
( 156 , 96 , 95 )
( 157 , 97 , 96 )
( 158 , 100 , 98 )
( 159 , 100 , 99 )
( 160 , 101 , 100 )
( 161 , 102 , 92 )
( 162 , 102 , 101 )
( 163 , 103 , 100 )
( 164 , 104 , 100 )
( 165 , 104 , 103 )
( 166 , 105 , 103 )
( 167 , 106 , 100 )
( 168 , 105 , 104 )
( 169 , 106 , 105 )
( 170 , 107 , 105 )
( 171 , 108 , 105 )
( 172 , 107 , 106 )
( 173 , 109 , 108 )
( 174 , 110 , 103 )
( 175 , 110 , 109 )
( 176 , 111 , 110 )
( 177 , 112 , 110 )
( 178 , 113 , 17 )
( 179 , 113 , 32 )
( 180 , 114 , 32 )
( 181 , 115 , 27 )
( 182 , 115 , 114 )
( 183 , 116 , 68 )
( 184 , 117 , 12 )
( 185 , 118 , 75 )
( 186 , 118 , 76 )
;
set arcs_from_all := 
( 1 , 1 , 2 )
( 2 , 1 , 3 )
( 3 , 4 , 5 )
( 4 , 3 , 5 )
( 5 , 5 , 6 )
( 6 , 6 , 7 )
( 7 , 8 , 9 )
( 8 , 8 , 5 )
( 9 , 9 , 10 )
( 10 , 4 , 11 )
( 11 , 5 , 11 )
( 12 , 11 , 12 )
( 13 , 2 , 12 )
( 14 , 3 , 12 )
( 15 , 7 , 12 )
( 16 , 11 , 13 )
( 17 , 12 , 14 )
( 18 , 13 , 15 )
( 19 , 14 , 15 )
( 20 , 12 , 16 )
( 21 , 15 , 17 )
( 22 , 16 , 17 )
( 23 , 17 , 18 )
( 24 , 18 , 19 )
( 25 , 19 , 20 )
( 26 , 15 , 19 )
( 27 , 20 , 21 )
( 28 , 21 , 22 )
( 29 , 22 , 23 )
( 30 , 23 , 24 )
( 31 , 23 , 25 )
( 32 , 26 , 25 )
( 33 , 25 , 27 )
( 34 , 27 , 28 )
( 35 , 28 , 29 )
( 36 , 30 , 17 )
( 37 , 8 , 30 )
( 38 , 26 , 30 )
( 39 , 17 , 31 )
( 40 , 29 , 31 )
( 41 , 23 , 32 )
( 42 , 31 , 32 )
( 43 , 27 , 32 )
( 44 , 15 , 33 )
( 45 , 19 , 34 )
( 46 , 35 , 36 )
( 47 , 35 , 37 )
( 48 , 33 , 37 )
( 49 , 34 , 36 )
( 50 , 34 , 37 )
( 51 , 38 , 37 )
( 52 , 37 , 39 )
( 53 , 37 , 40 )
( 54 , 30 , 38 )
( 55 , 39 , 40 )
( 56 , 40 , 41 )
( 57 , 40 , 42 )
( 58 , 41 , 42 )
( 59 , 43 , 44 )
( 60 , 34 , 43 )
( 61 , 44 , 45 )
( 62 , 45 , 46 )
( 63 , 46 , 47 )
( 64 , 46 , 48 )
( 65 , 47 , 49 )
( 66 , 42 , 49 )
( 67 , 42 , 49 )
( 68 , 45 , 49 )
( 69 , 48 , 49 )
( 70 , 49 , 50 )
( 71 , 49 , 51 )
( 72 , 51 , 52 )
( 73 , 52 , 53 )
( 74 , 53 , 54 )
( 75 , 49 , 54 )
( 76 , 49 , 54 )
( 77 , 54 , 55 )
( 78 , 54 , 56 )
( 79 , 55 , 56 )
( 80 , 56 , 57 )
( 81 , 50 , 57 )
( 82 , 56 , 58 )
( 83 , 51 , 58 )
( 84 , 54 , 59 )
( 85 , 56 , 59 )
( 86 , 56 , 59 )
( 87 , 55 , 59 )
( 88 , 59 , 60 )
( 89 , 59 , 61 )
( 90 , 60 , 61 )
( 91 , 60 , 62 )
( 92 , 61 , 62 )
( 93 , 63 , 59 )
( 94 , 63 , 64 )
( 95 , 64 , 61 )
( 96 , 38 , 65 )
( 97 , 64 , 65 )
( 98 , 49 , 66 )
( 99 , 49 , 66 )
( 100 , 62 , 66 )
( 101 , 62 , 67 )
( 102 , 65 , 66 )
( 103 , 66 , 67 )
( 104 , 65 , 68 )
( 105 , 47 , 69 )
( 106 , 49 , 69 )
( 107 , 68 , 69 )
( 108 , 69 , 70 )
( 109 , 24 , 70 )
( 110 , 70 , 71 )
( 111 , 24 , 72 )
( 112 , 71 , 72 )
( 113 , 71 , 73 )
( 114 , 70 , 74 )
( 115 , 70 , 75 )
( 116 , 69 , 75 )
( 117 , 74 , 75 )
( 118 , 76 , 77 )
( 119 , 69 , 77 )
( 120 , 75 , 77 )
( 121 , 77 , 78 )
( 122 , 78 , 79 )
( 123 , 77 , 80 )
( 124 , 77 , 80 )
( 125 , 79 , 80 )
( 126 , 68 , 81 )
( 127 , 81 , 80 )
( 128 , 77 , 82 )
( 129 , 82 , 83 )
( 130 , 83 , 84 )
( 131 , 83 , 85 )
( 132 , 84 , 85 )
( 133 , 85 , 86 )
( 134 , 86 , 87 )
( 135 , 85 , 88 )
( 136 , 85 , 89 )
( 137 , 88 , 89 )
( 138 , 89 , 90 )
( 139 , 89 , 90 )
( 140 , 90 , 91 )
( 141 , 89 , 92 )
( 142 , 89 , 92 )
( 143 , 91 , 92 )
( 144 , 92 , 93 )
( 145 , 92 , 94 )
( 146 , 93 , 94 )
( 147 , 94 , 95 )
( 148 , 80 , 96 )
( 149 , 82 , 96 )
( 150 , 94 , 96 )
( 151 , 80 , 97 )
( 152 , 80 , 98 )
( 153 , 80 , 99 )
( 154 , 92 , 100 )
( 155 , 94 , 100 )
( 156 , 95 , 96 )
( 157 , 96 , 97 )
( 158 , 98 , 100 )
( 159 , 99 , 100 )
( 160 , 100 , 101 )
( 161 , 92 , 102 )
( 162 , 101 , 102 )
( 163 , 100 , 103 )
( 164 , 100 , 104 )
( 165 , 103 , 104 )
( 166 , 103 , 105 )
( 167 , 100 , 106 )
( 168 , 104 , 105 )
( 169 , 105 , 106 )
( 170 , 105 , 107 )
( 171 , 105 , 108 )
( 172 , 106 , 107 )
( 173 , 108 , 109 )
( 174 , 103 , 110 )
( 175 , 109 , 110 )
( 176 , 110 , 111 )
( 177 , 110 , 112 )
( 178 , 17 , 113 )
( 179 , 32 , 113 )
( 180 , 32 , 114 )
( 181 , 27 , 115 )
( 182 , 114 , 115 )
( 183 , 68 , 116 )
( 184 , 12 , 117 )
( 185 , 75 , 118 )
( 186 , 76 , 118 )
;
set arcs_to_all := 
( 1 , 2 , 1 )
( 2 , 3 , 1 )
( 3 , 5 , 4 )
( 4 , 5 , 3 )
( 5 , 6 , 5 )
( 6 , 7 , 6 )
( 7 , 9 , 8 )
( 8 , 5 , 8 )
( 9 , 10 , 9 )
( 10 , 11 , 4 )
( 11 , 11 , 5 )
( 12 , 12 , 11 )
( 13 , 12 , 2 )
( 14 , 12 , 3 )
( 15 , 12 , 7 )
( 16 , 13 , 11 )
( 17 , 14 , 12 )
( 18 , 15 , 13 )
( 19 , 15 , 14 )
( 20 , 16 , 12 )
( 21 , 17 , 15 )
( 22 , 17 , 16 )
( 23 , 18 , 17 )
( 24 , 19 , 18 )
( 25 , 20 , 19 )
( 26 , 19 , 15 )
( 27 , 21 , 20 )
( 28 , 22 , 21 )
( 29 , 23 , 22 )
( 30 , 24 , 23 )
( 31 , 25 , 23 )
( 32 , 25 , 26 )
( 33 , 27 , 25 )
( 34 , 28 , 27 )
( 35 , 29 , 28 )
( 36 , 17 , 30 )
( 37 , 30 , 8 )
( 38 , 30 , 26 )
( 39 , 31 , 17 )
( 40 , 31 , 29 )
( 41 , 32 , 23 )
( 42 , 32 , 31 )
( 43 , 32 , 27 )
( 44 , 33 , 15 )
( 45 , 34 , 19 )
( 46 , 36 , 35 )
( 47 , 37 , 35 )
( 48 , 37 , 33 )
( 49 , 36 , 34 )
( 50 , 37 , 34 )
( 51 , 37 , 38 )
( 52 , 39 , 37 )
( 53 , 40 , 37 )
( 54 , 38 , 30 )
( 55 , 40 , 39 )
( 56 , 41 , 40 )
( 57 , 42 , 40 )
( 58 , 42 , 41 )
( 59 , 44 , 43 )
( 60 , 43 , 34 )
( 61 , 45 , 44 )
( 62 , 46 , 45 )
( 63 , 47 , 46 )
( 64 , 48 , 46 )
( 65 , 49 , 47 )
( 66 , 49 , 42 )
( 67 , 49 , 42 )
( 68 , 49 , 45 )
( 69 , 49 , 48 )
( 70 , 50 , 49 )
( 71 , 51 , 49 )
( 72 , 52 , 51 )
( 73 , 53 , 52 )
( 74 , 54 , 53 )
( 75 , 54 , 49 )
( 76 , 54 , 49 )
( 77 , 55 , 54 )
( 78 , 56 , 54 )
( 79 , 56 , 55 )
( 80 , 57 , 56 )
( 81 , 57 , 50 )
( 82 , 58 , 56 )
( 83 , 58 , 51 )
( 84 , 59 , 54 )
( 85 , 59 , 56 )
( 86 , 59 , 56 )
( 87 , 59 , 55 )
( 88 , 60 , 59 )
( 89 , 61 , 59 )
( 90 , 61 , 60 )
( 91 , 62 , 60 )
( 92 , 62 , 61 )
( 93 , 59 , 63 )
( 94 , 64 , 63 )
( 95 , 61 , 64 )
( 96 , 65 , 38 )
( 97 , 65 , 64 )
( 98 , 66 , 49 )
( 99 , 66 , 49 )
( 100 , 66 , 62 )
( 101 , 67 , 62 )
( 102 , 66 , 65 )
( 103 , 67 , 66 )
( 104 , 68 , 65 )
( 105 , 69 , 47 )
( 106 , 69 , 49 )
( 107 , 69 , 68 )
( 108 , 70 , 69 )
( 109 , 70 , 24 )
( 110 , 71 , 70 )
( 111 , 72 , 24 )
( 112 , 72 , 71 )
( 113 , 73 , 71 )
( 114 , 74 , 70 )
( 115 , 75 , 70 )
( 116 , 75 , 69 )
( 117 , 75 , 74 )
( 118 , 77 , 76 )
( 119 , 77 , 69 )
( 120 , 77 , 75 )
( 121 , 78 , 77 )
( 122 , 79 , 78 )
( 123 , 80 , 77 )
( 124 , 80 , 77 )
( 125 , 80 , 79 )
( 126 , 81 , 68 )
( 127 , 80 , 81 )
( 128 , 82 , 77 )
( 129 , 83 , 82 )
( 130 , 84 , 83 )
( 131 , 85 , 83 )
( 132 , 85 , 84 )
( 133 , 86 , 85 )
( 134 , 87 , 86 )
( 135 , 88 , 85 )
( 136 , 89 , 85 )
( 137 , 89 , 88 )
( 138 , 90 , 89 )
( 139 , 90 , 89 )
( 140 , 91 , 90 )
( 141 , 92 , 89 )
( 142 , 92 , 89 )
( 143 , 92 , 91 )
( 144 , 93 , 92 )
( 145 , 94 , 92 )
( 146 , 94 , 93 )
( 147 , 95 , 94 )
( 148 , 96 , 80 )
( 149 , 96 , 82 )
( 150 , 96 , 94 )
( 151 , 97 , 80 )
( 152 , 98 , 80 )
( 153 , 99 , 80 )
( 154 , 100 , 92 )
( 155 , 100 , 94 )
( 156 , 96 , 95 )
( 157 , 97 , 96 )
( 158 , 100 , 98 )
( 159 , 100 , 99 )
( 160 , 101 , 100 )
( 161 , 102 , 92 )
( 162 , 102 , 101 )
( 163 , 103 , 100 )
( 164 , 104 , 100 )
( 165 , 104 , 103 )
( 166 , 105 , 103 )
( 167 , 106 , 100 )
( 168 , 105 , 104 )
( 169 , 106 , 105 )
( 170 , 107 , 105 )
( 171 , 108 , 105 )
( 172 , 107 , 106 )
( 173 , 109 , 108 )
( 174 , 110 , 103 )
( 175 , 110 , 109 )
( 176 , 111 , 110 )
( 177 , 112 , 110 )
( 178 , 113 , 17 )
( 179 , 113 , 32 )
( 180 , 114 , 32 )
( 181 , 115 , 27 )
( 182 , 115 , 114 )
( 183 , 116 , 68 )
( 184 , 117 , 12 )
( 185 , 118 , 75 )
( 186 , 118 , 76 )
;
param: load_p load_q v_min v_max shunt_g shunt_b kv_base load_flow_v load_flow_t bus_status :=
1	0.51	0.27	0.94000	1.06000	0.0	0.0	138.0	1.03312	-0.572437974991	1
2	0.2	0.09	0.94000	1.06000	0.0	0.0	138.0	1.04475	-0.548624004545	1
3	0.39	0.1	0.94000	1.06000	0.0	0.0	138.0	1.03883	-0.563661935913	1
4	0.39	0.12	0.94000	1.06000	0.0	0.0	138.0	1.05717	-0.534769930009	1
5	0.0	0.0	0.94000	1.06000	0.0	-0.4	138.0	1.05561	-0.531094964736	1
6	0.52	0.22	0.94000	1.06000	0.0	0.0	138.0	1.05523	-0.543578083145	1
7	0.19	0.02	0.94000	1.06000	0.0	0.0	138.0	1.05614	-0.538416970014	1
8	0.28	0.0	0.94000	1.06000	0.0	0.0	345.0	1.04474	-0.503669035403	1
9	0.0	0.0	0.94000	1.06000	0.0	0.0	345.0	1.06	-0.504879072173	1
10	0.0	0.0	0.94000	1.06000	0.0	0.0	345.0	1.03529	-0.503011918939	1
11	0.7	0.23	0.94000	1.06000	0.0	0.0	138.0	1.05161	-0.536969044866	1
12	0.47	0.1	0.94000	1.06000	0.0	0.0	138.0	1.05998	-0.524326926962	1
13	0.34	0.16	0.94000	1.06000	0.0	0.0	138.0	1.03909	-0.551002015651	1
14	0.14	0.01	0.94000	1.06000	0.0	0.0	138.0	1.05644	-0.532658081614	1
15	0.9	0.3	0.94000	1.06000	0.0	0.0	138.0	1.04944	-0.529729070063	1
16	0.25	0.1	0.94000	1.06000	0.0	0.0	138.0	1.05301	-0.526620987731	1
17	0.11	0.03	0.94000	1.06000	0.0	0.0	138.0	1.06	-0.493789075573	1
18	0.6	0.34	0.94000	1.06000	0.0	0.0	138.0	1.05265	-0.525272022752	1
19	0.45	0.25	0.94000	1.06000	0.0	0.0	138.0	1.04789	-0.528437002818	1
20	0.18	0.03	0.94000	1.06000	0.0	0.0	138.0	1.03471	-0.502626026642	1
21	0.14	0.08	0.94000	1.06000	0.0	0.0	138.0	1.02936	-0.469248000961	1
22	0.1	0.05	0.94000	1.06000	0.0	0.0	138.0	1.03326	-0.4193689344	1
23	0.07	0.03	0.94000	1.06000	0.0	0.0	138.0	1.05205	-0.325124994516	1
24	0.13	0.0	0.94000	1.06000	0.0	0.0	138.0	1.05682	-0.305450945056	1
25	0.0	0.0	0.94000	1.06000	0.0	0.0	138.0	1.06	-0.221643026902	1
26	0.0	0.0	0.94000	1.06000	0.0	0.0	345.0	1.02524	-0.214979010752	1
27	0.71	0.13	0.94000	1.06000	0.0	0.0	138.0	1.04142	-0.437037949615	1
28	0.17	0.07	0.94000	1.06000	0.0	0.0	138.0	1.03325	-0.463659980295	1
29	0.24	0.04	0.94000	1.06000	0.0	0.0	138.0	1.032	-0.479226048294	1
30	0.0	0.0	0.94000	1.06000	0.0	0.0	345.0	1.02883	-0.434442994083	1
31	0.43	0.27	0.94000	1.06000	0.0	0.0	138.0	1.03444	-0.477543027297	1
32	0.59	0.23	0.94000	1.06000	0.0	0.0	138.0	1.04234	-0.446855950256	1
33	0.23	0.09	0.94000	1.06000	0.0	0.0	138.0	1.04644	-0.519053938226	1
34	0.59	0.26	0.94000	1.06000	0.0	0.14	138.0	1.05777	-0.487491927632	1
35	0.33	0.09	0.94000	1.06000	0.0	0.0	138.0	1.0552	-0.494550039127	1
36	0.31	0.17	0.94000	1.06000	0.0	0.0	138.0	1.05573	-0.494776059265	1
37	0.0	0.0	0.94000	1.06000	0.0	-0.25	138.0	1.06	-0.479582968126	1
38	0.0	0.0	0.94000	1.06000	0.0	0.0	345.0	1.00989	-0.403390968696	1
39	0.27	0.11	0.94000	1.06000	0.0	0.0	138.0	1.03411	-0.515496084546	1
40	0.66	0.23	0.94000	1.06000	0.0	0.0	138.0	1.02964	-0.522751069181	1
41	0.37	0.1	0.94000	1.06000	0.0	0.0	138.0	1.01757	-0.520731025104	1
42	0.96	0.23	0.94000	1.06000	0.0	0.0	138.0	1.01043	-0.469257949337	1
43	0.18	0.07	0.94000	1.06000	0.0	0.0	138.0	1.02843	-0.459264019508	1
44	0.16	0.08	0.94000	1.06000	0.0	0.1	138.0	1.00429	-0.373809034139	1
45	0.53	0.22	0.94000	1.06000	0.0	0.1	138.0	0.99592	-0.325599025941	1
46	0.28	0.1	0.94000	1.06000	0.0	0.1	138.0	1.01212	-0.27059706896	1
47	0.34	0.0	0.94000	1.06000	0.0	0.0	138.0	1.01972	-0.209127968968	1
48	0.2	0.11	0.94000	1.06000	0.0	0.15	138.0	1.02043	-0.228318038626	1
49	0.87	0.3	0.94000	1.06000	0.0	0.0	138.0	1.02323	-0.206109072961	1
50	0.17	0.04	0.94000	1.06000	0.0	0.0	138.0	1.01133	-0.262115990525	1
51	0.17	0.08	0.94000	1.06000	0.0	0.0	138.0	0.99379	-0.33208693837	1
52	0.18	0.05	0.94000	1.06000	0.0	0.0	138.0	0.98829	-0.354854932995	1
53	0.23	0.11	0.94000	1.06000	0.0	0.0	138.0	0.99145	-0.388613964052	1
54	1.13	0.32	0.94000	1.06000	0.0	0.0	138.0	1.01028	-0.386934084646	1
55	0.63	0.22	0.94000	1.06000	0.0	0.0	138.0	1.01049	-0.393234025114	1
56	0.84	0.18	0.94000	1.06000	0.0	0.0	138.0	1.00978	-0.388044986715	1
57	0.12	0.03	0.94000	1.06000	0.0	0.0	138.0	1.00607	-0.341866018169	1
58	0.12	0.03	0.94000	1.06000	0.0	0.0	138.0	0.99809	-0.36100198262	1
59	2.77	1.13	0.94000	1.06000	0.0	0.0	138.0	1.04823	-0.349367966892	1
60	0.78	0.03	0.94000	1.06000	0.0	0.0	138.0	1.05498	-0.265242922413	1
61	0.0	0.0	0.94000	1.06000	0.0	0.0	138.0	1.06	-0.254544054099	1
62	0.77	0.14	0.94000	1.06000	0.0	0.0	138.0	1.04635	-0.237741071258	1
63	0.0	0.0	0.94000	1.06000	0.0	0.0	345.0	1.01792	-0.268604950151	1
64	0.0	0.0	0.94000	1.06000	0.0	0.0	345.0	1.02901	-0.224750934701	1
65	0.0	0.0	0.94000	1.06000	0.0	0.0	345.0	1.02987	-0.121830963106	1
66	0.39	0.18	0.94000	1.06000	0.0	0.0	138.0	1.06	-0.05204903442	1
67	0.28	0.07	0.94000	1.06000	0.0	0.0	138.0	1.04383	-0.151165933575	1
68	0.0	0.0	0.94000	1.06000	0.0	0.0	345.0	1.02062	-0.0994739935199	1
69	0.0	0.0	0.94000	1.06000	0.0	0.0	138.0	1.06	0.0	1
70	0.66	0.2	0.94000	1.06000	0.0	0.0	138.0	1.0317	-0.177140970701	1
71	0.0	0.0	0.94000	1.06000	0.0	0.0	138.0	1.03547	-0.192947021473	1
72	0.12	0.0	0.94000	1.06000	0.0	0.0	138.0	1.04425	-0.258383952986	1
73	0.06	0.0	0.94000	1.06000	0.0	0.0	138.0	1.03745	-0.195940086607	1
74	0.68	0.27	0.94000	1.06000	0.0	0.12	138.0	1.01048	-0.1854660167	1
75	0.47	0.11	0.94000	1.06000	0.0	0.0	138.0	1.01395	-0.161538948918	1
76	0.68	0.36	0.94000	1.06000	0.0	0.0	138.0	0.9996	-0.190578086079	1
77	0.61	0.28	0.94000	1.06000	0.0	0.0	138.0	1.0441	-0.119954036029	1
78	0.71	0.26	0.94000	1.06000	0.0	0.0	138.0	1.0397	-0.125828988824	1
79	0.39	0.32	0.94000	1.06000	0.0	0.2	138.0	1.04174	-0.123025990045	1
80	1.3	0.26	0.94000	1.06000	0.0	0.0	138.0	1.06	-0.0914779420848	1
81	0.0	0.0	0.94000	1.06000	0.0	0.0	345.0	1.01451	-0.0961199942963	1
82	0.54	0.27	0.94000	1.06000	0.0	0.2	138.0	1.03483	-0.138471979392	1
83	0.2	0.1	0.94000	1.06000	0.0	0.1	138.0	1.03737	-0.128256043682	1
84	0.11	0.07	0.94000	1.06000	0.0	0.0	138.0	1.04085	-0.102523956388	1
85	0.24	0.15	0.94000	1.06000	0.0	0.0	138.0	1.04907	-0.0850839283701	1
86	0.21	0.1	0.94000	1.06000	0.0	0.0	138.0	1.04208	-0.108824944053	1
87	0.0	0.0	0.94000	1.06000	0.0	0.0	161.0	1.05481	-0.110491035357	1
88	0.48	0.1	0.94000	1.06000	0.0	0.0	138.0	1.04735	-0.0433749225706	1
89	0.0	0.0	0.94000	1.06000	0.0	0.0	138.0	1.06	0.0153140424558	1
90	1.63	0.42	0.94000	1.06000	0.0	0.0	138.0	1.05126	-0.0850629844191	1
91	0.1	0.0	0.94000	1.06000	0.0	0.0	138.0	1.04436	-0.082613065748	1
92	0.65	0.1	0.94000	1.06000	0.0	0.0	138.0	1.04495	-0.0693220344283	1
93	0.12	0.07	0.94000	1.06000	0.0	0.0	138.0	1.03499	-0.108358941143	1
94	0.3	0.16	0.94000	1.06000	0.0	0.0	138.0	1.03344	-0.135220954595	1
95	0.42	0.31	0.94000	1.06000	0.0	0.0	138.0	1.023	-0.143822984346	1
96	0.38	0.15	0.94000	1.06000	0.0	0.0	138.0	1.03266	-0.13765202371	1
97	0.15	0.09	0.94000	1.06000	0.0	0.0	138.0	1.04162	-0.120624940593	1
98	0.34	0.08	0.94000	1.06000	0.0	0.0	138.0	1.04955	-0.134551969892	1
99	0.42	0.0	0.94000	1.06000	0.0	0.0	138.0	1.0516	-0.157832916785	1
100	0.37	0.18	0.94000	1.06000	0.0	0.0	138.0	1.05328	-0.152692049473	1
101	0.22	0.15	0.94000	1.06000	0.0	0.0	138.0	1.0369	-0.131046999688	1
102	0.05	0.03	0.94000	1.06000	0.0	0.0	138.0	1.04121	-0.0914369268474	1
103	0.23	0.16	0.94000	1.06000	0.0	0.0	138.0	1.05037	-0.202304080658	1
104	0.38	0.25	0.94000	1.06000	0.0	0.0	138.0	1.03709	-0.259610046785	1
105	0.31	0.26	0.94000	1.06000	0.0	0.2	138.0	1.03457	-0.279960062265	1
106	0.43	0.16	0.94000	1.06000	0.0	0.0	138.0	1.02649	-0.282323063539	1
107	0.5	0.12	0.94000	1.06000	0.0	0.06	138.0	1.02208	-0.326147931991	1
108	0.02	0.01	0.94000	1.06000	0.0	0.0	138.0	1.02796	-0.306870944936	1
109	0.08	0.03	0.94000	1.06000	0.0	0.0	138.0	1.02564	-0.317398072852	1
110	0.39	0.3	0.94000	1.06000	0.0	0.06	138.0	1.0232	-0.339978968181	1
111	0.0	0.0	0.94000	1.06000	0.0	0.0	138.0	1.02631	-0.340865071843	1
112	0.68	0.13	0.94000	1.06000	0.0	0.0	138.0	1.00975	-0.383683932513	1
113	0.06	0.0	0.94000	1.06000	0.0	0.0	138.0	1.05698	-0.489177915689	1
114	0.08	0.03	0.94000	1.06000	0.0	0.0	138.0	1.03743	-0.451188031993	1
115	0.22	0.07	0.94000	1.06000	0.0	0.0	138.0	1.03697	-0.451196060507	1
116	1.84	0.0	0.94000	1.06000	0.0	0.0	138.0	1.01953	-0.106598951125	1
117	0.2	0.08	0.94000	1.06000	0.0	0.0	138.0	1.0453	-0.547805968725	1
118	0.33	0.15	0.94000	1.06000	0.0	0.0	138.0	1.00105	-0.182372071535	1
;
param: gen_bus c0 c1 c2 p_min p_max q_min q_max load_flow_p load_flow_q gen_status :=
0	1	0.000000	0.000000	0.000000	0.0	0.0	-0.05	0.15	0.0	0.15	1
1	4	0.000000	0.000000	0.000000	0.0	0.0	-3.0	3.0	0.0	0.48386	1
2	6	0.000000	0.000000	0.000000	0.0	0.0	-0.13	0.5	0.0	0.2725	1
3	8	0.000000	0.000000	0.000000	0.0	0.0	-3.0	3.0	0.0	-0.71839	1
4	10	0.000000	1.463389	0.000000	0.0	6.63	-1.47	2.0	0.0	-1.45346	1
5	12	0.000000	0.889054	0.000000	0.0	2.87	-0.35	1.2	2.87	0.57809	1
6	15	0.000000	0.000000	0.000000	0.0	0.0	-0.1	0.3	0.0	0.3	1
7	18	0.000000	0.000000	0.000000	0.0	0.0	-0.16	0.5	0.0	0.43338	1
8	19	0.000000	0.000000	0.000000	0.0	0.0	-0.08	0.24	0.0	0.24	1
9	24	0.000000	0.000000	0.000000	0.0	0.0	-3.0	3.0	0.0	0.09365	1
10	25	0.000000	0.929688	0.000000	0.0	2.67	-0.47	1.34	2.67	-0.47	1
11	26	0.000000	1.118121	0.000000	0.0	4.51	-2.26	2.26	2.86801	-0.25059	1
12	27	0.000000	0.000000	0.000000	0.0	0.0	-3.0	3.0	0.0	0.30481	1
13	31	0.000000	0.814446	0.000000	0.0	0.23	-0.12	0.12	0.23	0.12	1
14	32	0.000000	0.000000	0.000000	0.0	0.0	-0.14	0.42	0.0	0.3598	1
15	34	0.000000	0.000000	0.000000	0.0	0.0	-0.08	0.24	0.0	0.24	1
16	36	0.000000	0.000000	0.000000	0.0	0.0	-0.08	0.24	0.0	0.24	1
17	40	0.000000	0.000000	0.000000	0.0	0.0	-3.0	3.0	0.0	0.49945	1
18	42	0.000000	0.000000	0.000000	0.0	0.0	-3.0	3.0	0.0	0.26321	1
19	46	0.000000	1.513792	0.000000	0.0	0.51	-0.26	0.26	0.0	0.0772	1
20	49	0.000000	1.071413	0.000000	0.0	2.32	-0.85	1.16	2.32	-0.11011	1
21	54	0.000000	1.324712	0.000000	0.0	1.5	-0.75	0.75	0.0	0.55706	1
22	55	0.000000	0.000000	0.000000	0.0	0.0	-0.08	0.23	0.0	0.23	1
23	56	0.000000	0.000000	0.000000	0.0	0.0	-0.08	0.15	0.0	0.15	1
24	59	0.000000	1.426207	0.000000	0.0	2.82	-0.6	1.41	0.0	1.41	1
25	61	0.000000	1.245208	0.000000	0.0	2.51	-1.0	1.26	0.0	1.24577	1
26	62	0.000000	0.000000	0.000000	0.0	0.0	-0.2	0.2	0.0	-0.19999	1
27	65	0.000000	0.969762	0.000000	0.0	6.08	-0.67	2.0	2.95339	1.19802	1
28	66	0.000000	0.865713	0.000000	0.0	8.65	-0.67	2.0	8.2947	-0.67	1
29	69	0.000000	0.518513	0.000000	0.0	8.81	-3.0	3.0	8.81	-1.14523	1
30	70	0.000000	0.000000	0.000000	0.0	0.0	-0.1	0.32	0.0	0.32	1
31	72	0.000000	0.000000	0.000000	0.0	0.0	-1.0	1.0	0.0	-0.01835	1
32	73	0.000000	0.000000	0.000000	0.0	0.0	-1.0	1.0	0.0	0.05036	1
33	74	0.000000	0.000000	0.000000	0.0	0.0	-0.06	0.09	0.0	0.09	1
34	76	0.000000	0.000000	0.000000	0.0	0.0	-0.08	0.23	0.0	0.23	1
35	77	0.000000	0.000000	0.000000	0.0	0.0	-0.2	0.7	0.0	0.7	1
36	80	0.000000	1.006636	0.000000	0.0	7.39	-1.65	2.8	4.45771	-0.00215	1
37	85	0.000000	0.000000	0.000000	0.0	0.0	-0.08	0.23	0.0	0.23	1
38	87	0.000000	1.381184	0.000000	0.0	0.07	-0.04	0.04	0.0	0.04	1
39	89	0.000000	0.793496	0.000000	0.0	8.45	-2.1	3.0	5.68006	-0.31563	1
40	90	0.000000	0.000000	0.000000	0.0	0.0	-3.0	3.0	0.0	0.76214	1
41	91	0.000000	0.000000	0.000000	0.0	0.0	-1.0	1.0	0.0	-0.08924	1
42	92	0.000000	0.000000	0.000000	0.0	0.0	-0.03	0.09	0.0	-0.03	1
43	99	0.000000	0.000000	0.000000	0.0	0.0	-1.0	1.0	0.0	-0.00197	1
44	100	0.000000	1.066562	0.000000	0.0	3.01	-0.5	1.51	1.86388	0.49802	1
45	103	0.000000	0.691193	0.000000	0.0	0.98	-0.15	0.4	0.98	0.29959	1
46	104	0.000000	0.000000	0.000000	0.0	0.0	-0.08	0.23	0.0	0.23	1
47	105	0.000000	0.000000	0.000000	0.0	0.0	-0.08	0.23	0.0	0.23	1
48	107	0.000000	0.000000	0.000000	0.0	0.0	-2.0	2.0	0.0	0.07005	1
49	110	0.000000	0.000000	0.000000	0.0	0.0	-0.08	0.23	0.0	0.23	1
50	111	0.000000	1.200887	0.000000	0.0	1.33	-0.67	0.67	0.0	0.03173	1
51	112	0.000000	0.000000	0.000000	0.0	0.0	-1.0	10.0	0.0	0.16399	1
52	113	0.000000	0.000000	0.000000	0.0	0.0	-1.0	2.0	0.0	-0.03977	1
53	116	0.000000	0.000000	0.000000	0.0	0.0	-10.0	10.0	0.0	-0.19864	1
;
param: from_bus to_bus r x charge s tr as ad_min ad_max line_status :=
1	1	2	0.0303	0.0999	0.0254	1.51	1.0	0.0	-0.523598775598	0.523598775598	1
2	1	3	0.0129	0.0424	0.01082	1.51	1.0	0.0	-0.523598775598	0.523598775598	1
3	4	5	0.00176	0.00798	0.0021	1.76	1.0	0.0	-0.523598775598	0.523598775598	1
4	3	5	0.0241	0.108	0.0284	1.75	1.0	0.0	-0.523598775598	0.523598775598	1
5	5	6	0.0119	0.054	0.01426	1.76	1.0	0.0	-0.523598775598	0.523598775598	1
6	6	7	0.00459	0.0208	0.0055	1.76	1.0	0.0	-0.523598775598	0.523598775598	1
7	8	9	0.00244	0.0305	1.162	7.11	1.0	0.0	-0.523598775598	0.523598775598	1
8	8	5	0.0	0.0267	0.0	10.99	0.985	0.0	-0.523598775598	0.523598775598	1
9	9	10	0.00258	0.0322	1.23	7.1	1.0	0.0	-0.523598775598	0.523598775598	1
10	4	11	0.0209	0.0688	0.01748	1.51	1.0	0.0	-0.523598775598	0.523598775598	1
11	5	11	0.0203	0.0682	0.01738	1.52	1.0	0.0	-0.523598775598	0.523598775598	1
12	11	12	0.00595	0.0196	0.00502	1.51	1.0	0.0	-0.523598775598	0.523598775598	1
13	2	12	0.0187	0.0616	0.01572	1.51	1.0	0.0	-0.523598775598	0.523598775598	1
14	3	12	0.0484	0.16	0.0406	1.51	1.0	0.0	-0.523598775598	0.523598775598	1
15	7	12	0.00862	0.034	0.00874	1.64	1.0	0.0	-0.523598775598	0.523598775598	1
16	11	13	0.02225	0.0731	0.01876	1.51	1.0	0.0	-0.523598775598	0.523598775598	1
17	12	14	0.0215	0.0707	0.01816	1.51	1.0	0.0	-0.523598775598	0.523598775598	1
18	13	15	0.0744	0.2444	0.06268	1.15	1.0	0.0	-0.523598775598	0.523598775598	1
19	14	15	0.0595	0.195	0.0502	1.44	1.0	0.0	-0.523598775598	0.523598775598	1
20	12	16	0.0212	0.0834	0.0214	1.64	1.0	0.0	-0.523598775598	0.523598775598	1
21	15	17	0.0132	0.0437	0.0444	1.51	1.0	0.0	-0.523598775598	0.523598775598	1
22	16	17	0.0454	0.1801	0.0466	1.58	1.0	0.0	-0.523598775598	0.523598775598	1
23	17	18	0.0123	0.0505	0.01298	1.67	1.0	0.0	-0.523598775598	0.523598775598	1
24	18	19	0.01119	0.0493	0.01142	1.73	1.0	0.0	-0.523598775598	0.523598775598	1
25	19	20	0.0252	0.117	0.0298	1.78	1.0	0.0	-0.523598775598	0.523598775598	1
26	15	19	0.012	0.0394	0.0101	1.51	1.0	0.0	-0.523598775598	0.523598775598	1
27	20	21	0.0183	0.0849	0.0216	1.77	1.0	0.0	-0.523598775598	0.523598775598	1
28	21	22	0.0209	0.097	0.0246	1.78	1.0	0.0	-0.523598775598	0.523598775598	1
29	22	23	0.0342	0.159	0.0404	1.78	1.0	0.0	-0.523598775598	0.523598775598	1
30	23	24	0.0135	0.0492	0.0498	1.58	1.0	0.0	-0.523598775598	0.523598775598	1
31	23	25	0.0156	0.08	0.0864	1.86	1.0	0.0	-0.523598775598	0.523598775598	1
32	26	25	0.0	0.0382	0.0	7.68	0.96	0.0	-0.523598775598	0.523598775598	1
33	25	27	0.0318	0.163	0.1764	1.77	1.0	0.0	-0.523598775598	0.523598775598	1
34	27	28	0.01913	0.0855	0.0216	1.74	1.0	0.0	-0.523598775598	0.523598775598	1
35	28	29	0.0237	0.0943	0.0238	1.65	1.0	0.0	-0.523598775598	0.523598775598	1
36	30	17	0.0	0.0388	0.0	7.56	0.96	0.0	-0.523598775598	0.523598775598	1
37	8	30	0.00431	0.0504	0.514	5.8	1.0	0.0	-0.523598775598	0.523598775598	1
38	26	30	0.00799	0.086	0.908	3.4	1.0	0.0	-0.523598775598	0.523598775598	1
39	17	31	0.0474	0.1563	0.0399	1.51	1.0	0.0	-0.523598775598	0.523598775598	1
40	29	31	0.0108	0.0331	0.0083	1.46	1.0	0.0	-0.523598775598	0.523598775598	1
41	23	32	0.0317	0.1153	0.1173	1.58	1.0	0.0	-0.523598775598	0.523598775598	1
42	31	32	0.0298	0.0985	0.0251	1.51	1.0	0.0	-0.523598775598	0.523598775598	1
43	27	32	0.0229	0.0755	0.01926	1.51	1.0	0.0	-0.523598775598	0.523598775598	1
44	15	33	0.038	0.1244	0.03194	1.5	1.0	0.0	-0.523598775598	0.523598775598	1
45	19	34	0.0752	0.247	0.0632	1.14	1.0	0.0	-0.523598775598	0.523598775598	1
46	35	36	0.00224	0.0102	0.00268	1.76	1.0	0.0	-0.523598775598	0.523598775598	1
47	35	37	0.011	0.0497	0.01318	1.75	1.0	0.0	-0.523598775598	0.523598775598	1
48	33	37	0.0415	0.142	0.0366	1.54	1.0	0.0	-0.523598775598	0.523598775598	1
49	34	36	0.00871	0.0268	0.00568	1.46	1.0	0.0	-0.523598775598	0.523598775598	1
50	34	37	0.00256	0.0094	0.00984	1.59	1.0	0.0	-0.523598775598	0.523598775598	1
51	38	37	0.0	0.0375	0.0	7.83	0.935	0.0	-0.523598775598	0.523598775598	1
52	37	39	0.0321	0.106	0.027	1.51	1.0	0.0	-0.523598775598	0.523598775598	1
53	37	40	0.0593	0.168	0.042	1.4	1.0	0.0	-0.523598775598	0.523598775598	1
54	30	38	0.00464	0.054	0.422	5.42	1.0	0.0	-0.523598775598	0.523598775598	1
55	39	40	0.0184	0.0605	0.01552	1.51	1.0	0.0	-0.523598775598	0.523598775598	1
56	40	41	0.0145	0.0487	0.01222	1.52	1.0	0.0	-0.523598775598	0.523598775598	1
57	40	42	0.0555	0.183	0.0466	1.51	1.0	0.0	-0.523598775598	0.523598775598	1
58	41	42	0.041	0.135	0.0344	1.51	1.0	0.0	-0.523598775598	0.523598775598	1
59	43	44	0.0608	0.2454	0.06068	1.17	1.0	0.0	-0.523598775598	0.523598775598	1
60	34	43	0.0413	0.1681	0.04226	1.67	1.0	0.0	-0.523598775598	0.523598775598	1
61	44	45	0.0224	0.0901	0.0224	1.66	1.0	0.0	-0.523598775598	0.523598775598	1
62	45	46	0.04	0.1356	0.0332	1.53	1.0	0.0	-0.523598775598	0.523598775598	1
63	46	47	0.038	0.127	0.0316	1.52	1.0	0.0	-0.523598775598	0.523598775598	1
64	46	48	0.0601	0.189	0.0472	1.48	1.0	0.0	-0.523598775598	0.523598775598	1
65	47	49	0.0191	0.0625	0.01604	1.5	1.0	0.0	-0.523598775598	0.523598775598	1
66	42	49	0.0715	0.323	0.086	0.89	1.0	0.0	-0.523598775598	0.523598775598	1
67	42	49	0.0715	0.323	0.086	0.89	1.0	0.0	-0.523598775598	0.523598775598	1
68	45	49	0.0684	0.186	0.0444	1.38	1.0	0.0	-0.523598775598	0.523598775598	1
69	48	49	0.0179	0.0505	0.01258	1.4	1.0	0.0	-0.523598775598	0.523598775598	1
70	49	50	0.0267	0.0752	0.01874	1.4	1.0	0.0	-0.523598775598	0.523598775598	1
71	49	51	0.0486	0.137	0.0342	1.4	1.0	0.0	-0.523598775598	0.523598775598	1
72	51	52	0.0203	0.0588	0.01396	1.42	1.0	0.0	-0.523598775598	0.523598775598	1
73	52	53	0.0405	0.1635	0.04058	1.66	1.0	0.0	-0.523598775598	0.523598775598	1
74	53	54	0.0263	0.122	0.031	1.77	1.0	0.0	-0.523598775598	0.523598775598	1
75	49	54	0.073	0.289	0.0738	0.99	1.0	0.0	-0.523598775598	0.523598775598	1
76	49	54	0.0869	0.291	0.073	0.97	1.0	0.0	-0.523598775598	0.523598775598	1
77	54	55	0.0169	0.0707	0.0202	1.69	1.0	0.0	-0.523598775598	0.523598775598	1
78	54	56	0.00275	0.00955	0.00732	1.55	1.0	0.0	-0.523598775598	0.523598775598	1
79	55	56	0.00488	0.0151	0.00374	1.46	1.0	0.0	-0.523598775598	0.523598775598	1
80	56	57	0.0343	0.0966	0.0242	1.4	1.0	0.0	-0.523598775598	0.523598775598	1
81	50	57	0.0474	0.134	0.0332	1.4	1.0	0.0	-0.523598775598	0.523598775598	1
82	56	58	0.0343	0.0966	0.0242	1.4	1.0	0.0	-0.523598775598	0.523598775598	1
83	51	58	0.0255	0.0719	0.01788	1.4	1.0	0.0	-0.523598775598	0.523598775598	1
84	54	59	0.0503	0.2293	0.0598	1.25	1.0	0.0	-0.523598775598	0.523598775598	1
85	56	59	0.0825	0.251	0.0569	1.12	1.0	0.0	-0.523598775598	0.523598775598	1
86	56	59	0.0803	0.239	0.0536	1.17	1.0	0.0	-0.523598775598	0.523598775598	1
87	55	59	0.04739	0.2158	0.05646	1.33	1.0	0.0	-0.523598775598	0.523598775598	1
88	59	60	0.0317	0.145	0.0376	1.76	1.0	0.0	-0.523598775598	0.523598775598	1
89	59	61	0.0328	0.15	0.0388	1.76	1.0	0.0	-0.523598775598	0.523598775598	1
90	60	61	0.00264	0.0135	0.01456	1.86	1.0	0.0	-0.523598775598	0.523598775598	1
91	60	62	0.0123	0.0561	0.01468	1.76	1.0	0.0	-0.523598775598	0.523598775598	1
92	61	62	0.00824	0.0376	0.0098	1.76	1.0	0.0	-0.523598775598	0.523598775598	1
93	63	59	0.0	0.0386	0.0	7.6	0.96	0.0	-0.523598775598	0.523598775598	1
94	63	64	0.00172	0.02	0.216	6.87	1.0	0.0	-0.523598775598	0.523598775598	1
95	64	61	0.0	0.0268	0.0	10.95	0.985	0.0	-0.523598775598	0.523598775598	1
96	38	65	0.00901	0.0986	1.046	2.97	1.0	0.0	-0.523598775598	0.523598775598	1
97	64	65	0.00269	0.0302	0.38	6.75	1.0	0.0	-0.523598775598	0.523598775598	1
98	49	66	0.018	0.0919	0.0248	1.86	1.0	0.0	-0.523598775598	0.523598775598	1
99	49	66	0.018	0.0919	0.0248	1.86	1.0	0.0	-0.523598775598	0.523598775598	1
100	62	66	0.0482	0.218	0.0578	1.32	1.0	0.0	-0.523598775598	0.523598775598	1
101	62	67	0.0258	0.117	0.031	1.76	1.0	0.0	-0.523598775598	0.523598775598	1
102	65	66	0.0	0.037	0.0	7.93	0.935	0.0	-0.523598775598	0.523598775598	1
103	66	67	0.0224	0.1015	0.02682	1.76	1.0	0.0	-0.523598775598	0.523598775598	1
104	65	68	0.00138	0.016	0.638	6.86	1.0	0.0	-0.523598775598	0.523598775598	1
105	47	69	0.0844	0.2778	0.07092	1.02	1.0	0.0	-0.523598775598	0.523598775598	1
106	49	69	0.0985	0.324	0.0828	0.87	1.0	0.0	-0.523598775598	0.523598775598	1
107	68	69	0.0	0.037	0.0	7.93	0.935	0.0	-0.523598775598	0.523598775598	1
108	69	70	0.03	0.127	0.122	1.7	1.0	0.0	-0.523598775598	0.523598775598	1
109	24	70	0.00221	0.4115	0.10198	0.72	1.0	0.0	-0.523598775598	0.523598775598	1
110	70	71	0.00882	0.0355	0.00878	1.66	1.0	0.0	-0.523598775598	0.523598775598	1
111	24	72	0.0488	0.196	0.0488	1.46	1.0	0.0	-0.523598775598	0.523598775598	1
112	71	72	0.0446	0.18	0.04444	1.59	1.0	0.0	-0.523598775598	0.523598775598	1
113	71	73	0.00866	0.0454	0.01178	1.88	1.0	0.0	-0.523598775598	0.523598775598	1
114	70	74	0.0401	0.1323	0.03368	1.51	1.0	0.0	-0.523598775598	0.523598775598	1
115	70	75	0.0428	0.141	0.036	1.51	1.0	0.0	-0.523598775598	0.523598775598	1
116	69	75	0.0405	0.122	0.124	1.45	1.0	0.0	-0.523598775598	0.523598775598	1
117	74	75	0.0123	0.0406	0.01034	1.51	1.0	0.0	-0.523598775598	0.523598775598	1
118	76	77	0.0444	0.148	0.0368	1.52	1.0	0.0	-0.523598775598	0.523598775598	1
119	69	77	0.0309	0.101	0.1038	1.5	1.0	0.0	-0.523598775598	0.523598775598	1
120	75	77	0.0601	0.1999	0.04978	1.41	1.0	0.0	-0.523598775598	0.523598775598	1
121	77	78	0.00376	0.0124	0.01264	1.51	1.0	0.0	-0.523598775598	0.523598775598	1
122	78	79	0.00546	0.0244	0.00648	1.74	1.0	0.0	-0.523598775598	0.523598775598	1
123	77	80	0.017	0.0485	0.0472	1.41	1.0	0.0	-0.523598775598	0.523598775598	1
124	77	80	0.0294	0.105	0.0228	1.57	1.0	0.0	-0.523598775598	0.523598775598	1
125	79	80	0.0156	0.0704	0.0187	1.75	1.0	0.0	-0.523598775598	0.523598775598	1
126	68	81	0.00175	0.0202	0.808	6.84	1.0	0.0	-0.523598775598	0.523598775598	1
127	81	80	0.0	0.037	0.0	7.93	0.935	0.0	-0.523598775598	0.523598775598	1
128	77	82	0.0298	0.0853	0.08174	1.41	1.0	0.0	-0.523598775598	0.523598775598	1
129	82	83	0.0112	0.03665	0.03796	1.5	1.0	0.0	-0.523598775598	0.523598775598	1
130	83	84	0.0625	0.132	0.0258	1.22	1.0	0.0	-0.523598775598	0.523598775598	1
131	83	85	0.043	0.148	0.0348	1.54	1.0	0.0	-0.523598775598	0.523598775598	1
132	84	85	0.0302	0.0641	0.01234	1.22	1.0	0.0	-0.523598775598	0.523598775598	1
133	85	86	0.035	0.123	0.0276	1.56	1.0	0.0	-0.523598775598	0.523598775598	1
134	86	87	0.02828	0.2074	0.0445	1.41	1.0	0.0	-0.523598775598	0.523598775598	1
135	85	88	0.02	0.102	0.0276	1.86	1.0	0.0	-0.523598775598	0.523598775598	1
136	85	89	0.0239	0.173	0.047	1.68	1.0	0.0	-0.523598775598	0.523598775598	1
137	88	89	0.0139	0.0712	0.01934	1.86	1.0	0.0	-0.523598775598	0.523598775598	1
138	89	90	0.0518	0.188	0.0528	1.51	1.0	0.0	-0.523598775598	0.523598775598	1
139	89	90	0.0238	0.0997	0.106	1.69	1.0	0.0	-0.523598775598	0.523598775598	1
140	90	91	0.0254	0.0836	0.0214	1.51	1.0	0.0	-0.523598775598	0.523598775598	1
141	89	92	0.0099	0.0505	0.0548	1.86	1.0	0.0	-0.523598775598	0.523598775598	1
142	89	92	0.0393	0.1581	0.0414	1.66	1.0	0.0	-0.523598775598	0.523598775598	1
143	91	92	0.0387	0.1272	0.03268	1.51	1.0	0.0	-0.523598775598	0.523598775598	1
144	92	93	0.0258	0.0848	0.0218	1.51	1.0	0.0	-0.523598775598	0.523598775598	1
145	92	94	0.0481	0.158	0.0406	1.51	1.0	0.0	-0.523598775598	0.523598775598	1
146	93	94	0.0223	0.0732	0.01876	1.51	1.0	0.0	-0.523598775598	0.523598775598	1
147	94	95	0.0132	0.0434	0.0111	1.51	1.0	0.0	-0.523598775598	0.523598775598	1
148	80	96	0.0356	0.182	0.0494	1.59	1.0	0.0	-0.523598775598	0.523598775598	1
149	82	96	0.0162	0.053	0.0544	1.5	1.0	0.0	-0.523598775598	0.523598775598	1
150	94	96	0.0269	0.0869	0.023	1.49	1.0	0.0	-0.523598775598	0.523598775598	1
151	80	97	0.0183	0.0934	0.0254	1.86	1.0	0.0	-0.523598775598	0.523598775598	1
152	80	98	0.0238	0.108	0.0286	1.76	1.0	0.0	-0.523598775598	0.523598775598	1
153	80	99	0.0454	0.206	0.0546	1.4	1.0	0.0	-0.523598775598	0.523598775598	1
154	92	100	0.0648	0.295	0.0472	0.98	1.0	0.0	-0.523598775598	0.523598775598	1
155	94	100	0.0178	0.058	0.0604	1.5	1.0	0.0	-0.523598775598	0.523598775598	1
156	95	96	0.0171	0.0547	0.01474	1.49	1.0	0.0	-0.523598775598	0.523598775598	1
157	96	97	0.0173	0.0885	0.024	1.86	1.0	0.0	-0.523598775598	0.523598775598	1
158	98	100	0.0397	0.179	0.0476	1.6	1.0	0.0	-0.523598775598	0.523598775598	1
159	99	100	0.018	0.0813	0.0216	1.75	1.0	0.0	-0.523598775598	0.523598775598	1
160	100	101	0.0277	0.1262	0.0328	1.76	1.0	0.0	-0.523598775598	0.523598775598	1
161	92	102	0.0123	0.0559	0.01464	1.76	1.0	0.0	-0.523598775598	0.523598775598	1
162	101	102	0.0246	0.112	0.0294	1.76	1.0	0.0	-0.523598775598	0.523598775598	1
163	100	103	0.016	0.0525	0.0536	1.51	1.0	0.0	-0.523598775598	0.523598775598	1
164	100	104	0.0451	0.204	0.0541	1.41	1.0	0.0	-0.523598775598	0.523598775598	1
165	103	104	0.0466	0.1584	0.0407	1.53	1.0	0.0	-0.523598775598	0.523598775598	1
166	103	105	0.0535	0.1625	0.0408	1.45	1.0	0.0	-0.523598775598	0.523598775598	1
167	100	106	0.0605	0.229	0.062	1.24	1.0	0.0	-0.523598775598	0.523598775598	1
168	104	105	0.00994	0.0378	0.00986	1.61	1.0	0.0	-0.523598775598	0.523598775598	1
169	105	106	0.014	0.0547	0.01434	1.64	1.0	0.0	-0.523598775598	0.523598775598	1
170	105	107	0.053	0.183	0.0472	1.54	1.0	0.0	-0.523598775598	0.523598775598	1
171	105	108	0.0261	0.0703	0.01844	1.37	1.0	0.0	-0.523598775598	0.523598775598	1
172	106	107	0.053	0.183	0.0472	1.54	1.0	0.0	-0.523598775598	0.523598775598	1
173	108	109	0.0105	0.0288	0.0076	1.38	1.0	0.0	-0.523598775598	0.523598775598	1
174	103	110	0.03906	0.1813	0.0461	1.59	1.0	0.0	-0.523598775598	0.523598775598	1
175	109	110	0.0278	0.0762	0.0202	1.38	1.0	0.0	-0.523598775598	0.523598775598	1
176	110	111	0.022	0.0755	0.02	1.54	1.0	0.0	-0.523598775598	0.523598775598	1
177	110	112	0.0247	0.064	0.062	1.35	1.0	0.0	-0.523598775598	0.523598775598	1
178	17	113	0.00913	0.0301	0.00768	1.51	1.0	0.0	-0.523598775598	0.523598775598	1
179	32	113	0.0615	0.203	0.0518	1.39	1.0	0.0	-0.523598775598	0.523598775598	1
180	32	114	0.0135	0.0612	0.01628	1.76	1.0	0.0	-0.523598775598	0.523598775598	1
181	27	115	0.0164	0.0741	0.01972	1.75	1.0	0.0	-0.523598775598	0.523598775598	1
182	114	115	0.0023	0.0104	0.00276	1.75	1.0	0.0	-0.523598775598	0.523598775598	1
183	68	116	0.00034	0.00405	0.164	72.18	1.0	0.0	-0.523598775598	0.523598775598	1
184	12	117	0.0329	0.14	0.0358	1.7	1.0	0.0	-0.523598775598	0.523598775598	1
185	75	118	0.0145	0.0481	0.01198	1.51	1.0	0.0	-0.523598775598	0.523598775598	1
186	76	118	0.0164	0.0544	0.01356	1.51	1.0	0.0	-0.523598775598	0.523598775598	1
;
