256 512 
1 2 132027
2 3 15452
3 4 39084
4 5 -52327
5 6 53901
6 7 -101471
7 8 106939
8 9 -175606
9 10 -54568
10 11 -124739
11 12 167029
12 13 98324
13 14 15450
14 15 84195
15 16 105601
16 1 -31666
17 18 -71764
18 19 -100302
19 20 157855
20 21 -56601
21 22 61866
22 23 -129517
23 24 -21153
24 25 104257
25 26 -24805
26 27 42191
27 28 -179671
28 29 -82521
29 30 -8715
30 31 -41723
31 32 -96092
32 17 -257664
33 34 39052
34 35 109712
35 36 55712
36 37 -159725
37 38 28509
38 39 261849
39 40 18681
40 41 143589
41 42 -137862
42 43 -23323
43 44 -118659
44 45 34080
45 46 74009
46 47 40732
47 48 106810
48 33 -220041
49 50 -165738
50 51 110184
51 52 26527
52 53 131247
53 54 4598
54 55 42769
55 56 -3586
56 57 154647
57 58 -83577
58 59 67448
59 60 -57307
60 61 -38715
61 62 132433
62 63 -30987
63 64 -106105
64 49 -51571
65 66 113545
66 67 18180
67 68 -40983
68 69 47779
69 70 -57276
70 71 -99699
71 72 100005
72 73 -45233
73 74 66693
74 75 -112338
75 76 48641
76 77 -48581
77 78 -54682
78 79 17135
79 80 47613
80 65 95098
81 82 -143852
82 83 53480
83 84 143125
84 85 -185260
85 86 166447
86 87 -147289
87 88 202904
88 89 -130882
89 90 63164
90 91 183285
91 92 25188
92 93 28883
93 94 -47049
94 95 -137219
95 96 2829
96 81 -33688
97 98 195644
98 99 97685
99 100 37583
100 101 26511
101 102 14621
102 103 3219
103 104 17165
104 105 -51902
105 106 -30651
106 107 96011
107 108 -64256
108 109 34977
109 110 -209840
110 111 31858
111 112 87884
112 97 5540
113 114 -102635
114 115 49508
115 116 22018
116 117 106539
117 118 -31270
118 119 5538
119 120 -36239
120 121 11265
121 122 9448
122 123 -87178
123 124 52501
124 125 109316
125 126 3583
126 127 -111400
127 128 -14595
128 113 37825
129 130 -130296
130 131 115588
131 132 98812
132 133 10908
133 134 -153777
134 135 -60431
135 136 92619
136 137 10755
137 138 71192
138 139 -38462
139 140 -123289
140 141 -110609
141 142 -200737
142 143 9489
143 144 -62806
144 129 -193345
145 146 192868
146 147 -53649
147 148 222653
148 149 -81262
149 150 -141522
150 151 82642
151 152 -96340
152 153 46800
153 154 80455
154 155 -44009
155 156 -73888
156 157 -92521
157 158 -47118
158 159 312072
159 160 173314
160 145 -91314
161 162 -18891
162 163 -29147
163 164 159124
164 165 12915
165 166 -19205
166 167 16672
167 168 37627
168 169 4839
169 170 -206956
170 171 102285
171 172 -48722
172 173 82854
173 174 -19709
174 175 -76798
175 176 5849
176 161 -71498
177 178 190487
178 179 139421
179 180 25723
180 181 12881
181 182 32036
182 183 -89845
183 184 93907
184 185 -24147
185 186 128477
186 187 -71374
187 188 -9584
188 189 -5619
189 190 128625
190 191 -66835
191 192 -68133
192 177 136077
193 194 -201605
194 195 71663
195 196 -124329
196 197 -179710
197 198 -8240
198 199 130006
199 200 -140355
200 201 40502
201 202 -58493
202 203 -43830
203 204 27406
204 205 9440
205 206 81681
206 207 133693
207 208 -6464
208 193 -29895
209 210 -132898
210 211 -20640
211 212 -108738
212 213 -138320
213 214 50294
214 215 97509
215 216 126583
216 217 -65567
217 218 -55597
218 219 76926
219 220 -22715
220 221 61277
221 222 51783
222 223 -92736
223 224 75908
224 209 -146716
225 226 -45534
226 227 153220
227 228 -36266
228 229 30996
229 230 -11153
230 231 -187692
231 232 55765
232 233 165547
233 234 84026
234 235 71786
235 236 -18975
236 237 -78576
237 238 37869
238 239 -377
239 240 105116
240 225 111077
241 242 -82458
242 243 -74351
243 244 141527
244 245 56888
245 246 208201
246 247 -153122
247 248 -8502
248 249 172987
249 250 24560
250 251 -31201
251 252 -65051
252 253 -30904
253 254 -18488
254 255 -161932
255 256 56349
256 241 -145638
1 17 -50946
2 18 34762
3 19 -19968
4 20 157958
5 21 -119854
6 22 -50848
7 23 91570
8 24 38120
9 25 125889
10 26 74225
11 27 -218021
12 28 108695
13 29 136793
14 30 214042
15 31 82767
16 32 -167284
17 33 99682
18 34 -108716
19 35 99957
20 36 26372
21 37 23675
22 38 12329
23 39 2422
24 40 97183
25 41 -82473
26 42 -3650
27 43 57762
28 44 -90180
29 45 95751
30 46 86772
31 47 -89082
32 48 -63496
33 49 205038
34 50 -156656
35 51 -5774
36 52 91789
37 53 -134602
38 54 -80848
39 55 870
40 56 149000
41 57 -57474
42 58 105803
43 59 -82243
44 60 208662
45 61 19447
46 62 -46851
47 63 -166014
48 64 -120193
49 65 -73411
50 66 -78798
51 67 176871
52 68 -123163
53 69 -57934
54 70 -78688
55 71 27242
56 72 2912
57 73 -81168
58 74 177465
59 75 -6235
60 76 14464
61 77 -23146
62 78 151177
63 79 26590
64 80 181114
65 81 206145
66 82 -30278
67 83 -198978
68 84 71239
69 85 -35702
70 86 40734
71 87 97330
72 88 -74256
73 89 -22457
74 90 -6813
75 91 44666
76 92 107081
77 93 113966
78 94 -83842
79 95 -75532
80 96 77230
81 97 -5526
82 98 67836
83 99 -146398
84 100 75234
85 101 -89850
86 102 -59883
87 103 -59089
88 104 -27218
89 105 58581
90 106 136157
91 107 107901
92 108 -98520
93 109 88255
94 110 -138199
95 111 103046
96 112 -60268
97 113 49182
98 114 96999
99 115 82022
100 116 -151825
101 117 186653
102 118 -70411
103 119 96427
104 120 103747
105 121 62431
106 122 14964
107 123 -39010
108 124 -25888
109 125 86797
110 126 -76475
111 127 56812
112 128 -162330
113 129 582
114 130 112388
115 131 109211
116 132 94823
117 133 24737
118 134 67266
119 135 -18426
120 136 -65888
121 137 1916
122 138 -211440
123 139 102028
124 140 68849
125 141 -197858
126 142 169206
127 143 -172169
128 144 -100943
129 145 -244516
130 146 42922
131 147 123625
132 148 -187626
133 149 32948
134 150 38159
135 151 95005
136 152 -73075
137 153 -67491
138 154 -137779
139 155 38293
140 156 -191873
141 157 -4211
142 158 44646
143 159 -30895
144 160 167455
145 161 99791
146 162 -26476
147 163 -145259
148 164 -4688
149 165 40330
150 166 75597
151 167 -250547
152 168 -143327
153 169 33770
154 170 -34509
155 171 94135
156 172 -171964
157 173 -93502
158 174 -75664
159 175 87587
160 176 89771
161 177 246414
162 178 -169755
163 179 105847
164 180 -63944
165 181 51112
166 182 56199
167 183 34496
168 184 -3375
169 185 -99431
170 186 17010
171 187 -248729
172 188 -167106
173 189 133362
174 190 -20585
175 191 39171
176 192 166055
177 193 63011
178 194 -10995
179 195 99462
180 196 -12566
181 197 -107982
182 198 127065
183 199 124590
184 200 129665
185 201 -15443
186 202 81577
187 203 -212956
188 204 -15510
189 205 158376
190 206 -44913
191 207 34545
192 208 -31029
193 209 134404
194 210 -72334
195 211 111164
196 212 79234
197 213 29014
198 214 -23881
199 215 99090
200 216 -40116
201 217 -165787
202 218 70554
203 219 -63875
204 220 -165594
205 221 -41764
206 222 -46120
207 223 73556
208 224 83717
209 225 -139103
210 226 119492
211 227 18228
212 228 34793
213 229 -18382
214 230 11717
215 231 -108564
216 232 -25883
217 233 -29372
218 234 -46613
219 235 187120
220 236 -266205
221 237 -30496
222 238 -69349
223 239 -9476
224 240 -125220
225 241 -190447
226 242 -113751
227 243 15308
228 244 -132693
229 245 -16823
230 246 118346
231 247 18303
232 248 41429
233 249 -107289
234 250 -38806
235 251 -99483
236 252 77338
237 253 2383
238 254 151144
239 255 4085
240 256 125380
241 1 34620
242 2 -49776
243 3 -49152
244 4 129777
245 5 -118968
246 6 -104214
247 7 55963
248 8 193972
249 9 9987
250 10 -27447
251 11 2851
252 12 -98963
253 13 -93833
254 14 -152971
255 15 -176537
256 16 64660
