30	900	5	0
0	0	14.7375
1	0	-11.5562
1	1	22.8463
2	0	0.208107
2	1	12.7269
2	2	14.1836
3	0	7.70595
3	1	-12.3818
3	2	5.98139
3	3	12.74
4	0	-3.7355
4	1	27.7933
4	2	10.7731
4	3	-2.95216
4	4	20.7455
5	0	4.59001
5	1	-3.55734
5	2	1.30912
5	3	6.24675
5	4	5.14734
5	5	18.1798
6	0	8.14906
6	1	-13.9715
6	2	-9.30464
6	3	5.08262
6	4	-3.36293
6	5	2.9611
6	6	14.4229
7	0	0.965754
7	1	-3.52917
7	2	3.89142
7	3	-1.68493
7	4	-0.73185
7	5	-8.75227
7	6	-0.325329
7	7	4.96249
8	0	6.5957
8	1	-4.42886
8	2	-0.430269
8	3	3.91214
8	4	-7.1949
8	5	-10.5566
8	6	-10.2402
8	7	-1.54757
8	8	20.1161
9	0	-5.74692
9	1	17.0138
9	2	-6.01486
9	3	-5.27078
9	4	7.44704
9	5	-9.61948
9	6	-10.1051
9	7	-9.75554
9	8	13.7304
9	9	18.212
10	0	-4.61673
10	1	-2.08864
10	2	6.32457
10	3	13.0194
10	4	-0.285076
10	5	8.62883
10	6	-2.55237
10	7	-6.73747
10	8	7.00983
10	9	6.18549
10	10	9.46337
11	0	13.3032
11	1	-6.54486
11	2	-7.18031
11	3	-2.57171
11	4	-10.1484
11	5	-5.14673
11	6	9.01352
11	7	2.93214
11	8	-0.554723
11	9	-2.87212
11	10	-11.4509
11	11	11.5546
12	0	0.982967
12	1	5.44721
12	2	1.65006
12	3	0.263022
12	4	-7.15902
12	5	-4.98548
12	6	-12.9703
12	7	-0.635027
12	8	17.9359
12	9	8.82614
12	10	6.68665
12	11	-6.0606
12	12	14.42
13	0	-8.00156
13	1	5.341
13	2	-12.954
13	3	-2.52279
13	4	17.008
13	5	8.01389
13	6	-1.72531
13	7	-3.61844
13	8	-5.07961
13	9	-5.87798
13	10	-4.79708
13	11	-9.71721
13	12	-10.5865
13	13	22.9233
14	0	8.71191
14	1	10.9602
14	2	-7.43771
14	3	5.70485
14	4	6.00707
14	5	-1.26341
14	6	1.94742
14	7	-4.71252
14	8	3.56291
14	9	8.45991
14	10	-5.25622
14	11	7.90777
14	12	-3.27574
14	13	12.5074
14	14	13.8829
15	0	-2.41476
15	1	-3.04347
15	2	0.721477
15	3	5.75847
15	4	1.69336
15	5	-0.167817
15	6	-4.61728
15	7	1.7812
15	8	15.748
15	9	0.168461
15	10	7.41666
15	11	-2.35138
15	12	10.1314
15	13	2.48969
15	14	-4.45436
15	15	9.58021
16	0	-15.1811
16	1	13.5496
16	2	7.98169
16	3	-4.88358
16	4	8.94268
16	5	-1.42357
16	6	-13.7527
16	7	1.85242
16	8	-15.7946
16	9	1.0144
16	10	1.97938
16	11	-14.4713
16	12	-0.421668
16	13	4.79234
16	14	-5.72206
16	15	-8.29999
16	16	14.3925
17	0	-8.16253
17	1	15.5615
17	2	1.66496
17	3	-5.92404
17	4	10.2701
17	5	-0.632767
17	6	-2.18209
17	7	-0.195569
17	8	-4.17952
17	9	6.92959
17	10	3.59485
17	11	-5.41894
17	12	2.5304
17	13	0.456735
17	14	-1.57216
17	15	1.45012
17	16	10.2188
17	17	8.16509
18	0	-1.91674
18	1	-5.26666
18	2	-1.37697
18	3	3.19166
18	4	-4.42296
18	5	-2.53214
18	6	-4.32438
18	7	-3.06624
18	8	12.3624
18	9	3.20445
18	10	6.24754
18	11	-9.81657
18	12	3.63387
18	13	8.07314
18	14	-0.442428
18	15	2.08023
18	16	0.148114
18	17	-1.90013
18	18	7.02554
19	0	-9.24161
19	1	9.51338
19	2	0.268249
19	3	-9.54696
19	4	-1.75384
19	5	6.40278
19	6	-10.9242
19	7	-6.96901
19	8	-1.66673
19	9	5.92466
19	10	1.81514
19	11	-7.31645
19	12	0.490143
19	13	6.90217
19	14	-1.4706
19	15	-6.02695
19	16	8.9419
19	17	2.26491
19	18	5.84221
19	19	8.65081
20	0	-1.2382
20	1	3.68567
20	2	-1.66276
20	3	-1.20486
20	4	-2.39273
20	5	8.8689
20	6	-0.54574
20	7	-7.75059
20	8	-4.13598
20	9	8.88285
20	10	4.85567
20	11	7.03312
20	12	-7.67661
20	13	-3.01012
20	14	2.18643
20	15	-0.363589
20	16	-2.13041
20	17	4.56698
20	18	-4.01432
20	19	6.52006
20	20	11.6051
21	0	1.62908
21	1	-1.98027
21	2	-11.7785
21	3	-12.7433
21	4	3.14411
21	5	-1.82637
21	6	0.178193
21	7	-0.892412
21	8	-1.20032
21	9	-4.21416
21	10	-14.6147
21	11	8.2753
21	12	-9.30895
21	13	21.903
21	14	4.95435
21	15	-0.941321
21	16	-6.84846
21	17	-8.846
21	18	-1.30222
21	19	4.18512
21	20	2.86085
21	21	16.5093
22	0	-1.61842
22	1	-4.81064
22	2	-11.2925
22	3	14.0788
22	4	-8.52128
22	5	14.0879
22	6	10.0717
22	7	-11.7572
22	8	-2.41619
22	9	4.69839
22	10	8.99279
22	11	7.67972
22	12	-3.18671
22	13	0.738228
22	14	14.0094
22	15	-0.173138
22	16	-9.44515
22	17	-5.33147
22	18	-4.02582
22	19	-0.117502
22	20	9.67461
22	21	-3.35044
22	22	21.4377
23	0	12.0223
23	1	8.11504
23	2	5.47577
23	3	5.74202
23	4	26.313
23	5	8.69178
23	6	10.8505
23	7	3.87997
23	8	-16.1466
23	9	-11.1427
23	10	-5.69692
23	11	-0.743378
23	12	-9.6099
23	13	14.271
23	14	8.62407
23	15	-0.928482
23	16	1.41947
23	17	4.05541
23	18	-9.13709
23	19	-12.2627
23	20	-3.12741
23	21	5.85869
23	22	-10.4471
23	23	21.4717
24	0	-19.5218
24	1	10.7473
24	2	-6.55934
24	3	-16.0796
24	4	0.376124
24	5	-13.5542
24	6	-12.5043
24	7	4.75055
24	8	-0.761796
24	9	2.00713
24	10	-12.1306
24	11	-1.51833
24	12	-0.0664784
24	13	13.4315
24	14	0.354726
24	15	-0.536332
24	16	7.9819
24	17	-0.957759
24	18	1.07602
24	19	8.09822
24	20	-7.88521
24	21	11.9342
24	22	-3.39436
24	23	-15.1787
24	24	17.0673
25	0	16.6192
25	1	-4.1938
25	2	6.74442
25	3	1.51369
25	4	2.67509
25	5	4.98406
25	6	-2.06342
25	7	6.64453
25	8	-5.65071
25	9	-13.0997
25	10	-8.24065
25	11	6.87018
25	12	-3.1778
25	13	-0.511261
25	14	0.572238
25	15	-2.14196
25	16	-2.36056
25	17	-5.05442
25	18	-3.37281
25	19	-4.33565
25	20	-3.32771
25	21	2.47142
25	22	-12.1216
25	23	11.9801
25	24	-4.82098
25	25	11.0935
26	0	5.34727
26	1	3.7746
26	2	12.96
26	3	3.36977
26	4	-11.3514
26	5	-8.70364
26	6	-0.827253
26	7	1.98719
26	8	3.38586
26	9	-10.0046
26	10	0.504038
26	11	4.72525
26	12	3.66056
26	13	-10.4933
26	14	1.74103
26	15	-4.76578
26	16	1.94901
26	17	-0.671578
26	18	2.48311
26	19	2.80099
26	20	-0.696691
26	21	-4.70612
26	22	-0.0979572
26	23	-7.80123
26	24	-3.45204
26	25	1.84242
26	26	15.1697
27	0	-10.8441
27	1	2.53885
27	2	-5.08097
27	3	1.90754
27	4	-3.93945
27	5	-14.3031
27	6	11.01
27	7	-5.48597
27	8	3.41661
27	9	18.6272
27	10	8.86741
27	11	-0.0398187
27	12	-4.59023
27	13	-8.8164
27	14	0.101203
27	15	0.762428
27	16	-4.83596
27	17	7.68561
27	18	4.18741
27	19	-0.903222
27	20	10.7466
27	21	-9.39754
27	22	6.4774
27	23	-10.2792
27	24	-3.76013
27	25	-17.2298
27	26	-0.231819
27	27	18.4926
28	0	3.37323
28	1	-3.75303
28	2	-1.60112
28	3	8.27168
28	4	0.248586
28	5	-2.58337
28	6	5.9388
28	7	3.02875
28	8	-10.444
28	9	-9.07567
28	10	-2.30767
28	11	2.34112
28	12	-4.77838
28	13	7.03831
28	14	6.45801
28	15	-1.76029
28	16	3.48582
28	17	-0.427834
28	18	-2.9218
28	19	-6.83743
28	20	-1.29264
28	21	1.77536
28	22	1.51458
28	23	14.242
28	24	-4.63476
28	25	3.4939
28	26	3.24929
28	27	-1.4835
28	28	6.79801
29	0	-3.35604
29	1	12.5691
29	2	5.65397
29	3	-5.54443
29	4	10.4315
29	5	-2.54069
29	6	-10.9931
29	7	-0.645453
29	8	-3.44748
29	9	6.87693
29	10	-2.8495
29	11	-4.53174
29	12	2.19368
29	13	3.11486
29	14	-0.550788
29	15	-2.80812
29	16	6.58928
29	17	-1.37939
29	18	0.0491136
29	19	5.428
29	20	-2.40846
29	21	4.04468
29	22	-6.81131
29	23	0.0823416
29	24	8.78821
29	25	4.51394
29	26	-3.27758
29	27	-4.69465
29	28	-3.10567
29	29	6.60202
