40	1600	3	0
0	0	0.731134
1	0	0.116652
1	1	0.737985
2	0	0.428075
2	1	0.353204
2	2	0.822809
3	0	0.066796
3	1	-0.440241
3	2	0.276899
3	3	1.29073
4	0	0.16461
4	1	-0.122911
4	2	-0.409525
4	3	-0.25296
4	4	0.527313
5	0	0.17487
5	1	0.260078
5	2	0.20091
5	3	0.0883992
5	4	0.3877
5	5	1.04047
6	0	0.20162
6	1	-0.143015
6	2	-0.0364273
6	3	0.0267061
6	4	0.212255
6	5	0.283192
6	6	0.751879
7	0	-0.189658
7	1	-0.239271
7	2	0.0509552
7	3	-0.34631
7	4	0.0713847
7	5	0.0733754
7	6	-0.665858
7	7	0.993259
8	0	0.24239
8	1	0.311054
8	2	0.0459198
8	3	-0.465896
8	4	0.129098
8	5	0.476466
8	6	0.426931
8	7	-0.260404
8	8	0.515459
9	0	-0.564054
9	1	0.40212
9	2	0.0992973
9	3	0.114421
9	4	-0.0196604
9	5	0.365613
9	6	-0.169486
9	7	0.0168451
9	8	0.0605658
9	9	0.825791
10	0	0.362938
10	1	0.154329
10	2	0.171897
10	3	-0.0251296
10	4	-0.0403931
10	5	-0.0926239
10	6	0.242703
10	7	-0.116918
10	8	0.00739551
10	9	0.419822
10	10	0.835183
11	0	0.642553
11	1	-0.13445
11	2	-0.36187
11	3	-0.0421234
11	4	0.0334984
11	5	0.354184
11	6	0.40308
11	7	-0.0244288
11	8	0.121656
11	9	-0.246119
11	10	0.160153
11	11	0.889843
12	0	-0.284804
12	1	-0.194386
12	2	-0.0816
12	3	0.00877536
12	4	0.0720072
12	5	-0.181838
12	6	0.221258
12	7	-0.128641
12	8	-0.06304
12	9	0.33102
12	10	-0.214854
12	11	-0.0657761
12	12	0.425181
13	0	-0.183199
13	1	0.190825
13	2	0.347799
13	3	-0.166821
13	4	-0.059388
13	5	-0.264718
13	6	-0.452995
13	7	0.0876405
13	8	0.0601857
13	9	0.137861
13	10	0.184267
13	11	-0.657262
13	12	-0.0652262
13	13	0.667004
14	0	0.316152
14	1	0.0604776
14	2	-0.0416312
14	3	-0.173103
14	4	0.137504
14	5	0.326197
14	6	-0.0663735
14	7	0.160986
14	8	0.314544
14	9	-0.219855
14	10	0.613143
14	11	0.191828
14	12	-0.228425
14	13	-0.210199
14	14	0.905145
15	0	0.580779
15	1	-0.0885035
15	2	0.282144
15	3	0.0571316
15	4	0.143786
15	5	0.704541
15	6	-0.0916129
15	7	0.0911669
15	8	0.0502039
15	9	0.16742
15	10	0.179754
15	11	0.68954
15	12	-0.153081
15	13	0.218558
15	14	0.279562
15	15	0.808016
16	0	0.386289
16	1	-0.144378
16	2	-0.221645
16	3	-0.223606
16	4	0.0661077
16	5	-0.436503
16	6	-0.268608
16	7	-0.0990166
16	8	0.033581
16	9	0.078981
16	10	0.0266538
16	11	0.440862
16	12	0.166319
16	13	0.0339567
16	14	0.605492
16	15	0.513123
16	16	1.16623
17	0	-0.204485
17	1	0.0898574
17	2	0.0916853
17	3	-0.223916
17	4	-0.546528
17	5	-0.871278
17	6	-0.703141
17	7	-0.175221
17	8	-0.224477
17	9	-0.0970652
17	10	-0.307565
17	11	-0.295909
17	12	-0.112097
17	13	0.190209
17	14	-0.391143
17	15	-0.342562
17	16	0.24865
17	17	0.927058
18	0	0.0889591
18	1	-0.35111
18	2	-0.419642
18	3	0.223608
18	4	0.238665
18	5	0.193489
18	6	-0.236085
18	7	0.100286
18	8	-0.191436
18	9	0.12359
18	10	0.267323
18	11	-0.115224
18	12	-0.00429027
18	13	-0.200815
18	14	0.387665
18	15	-0.0627248
18	16	0.041659
18	17	-0.184019
18	18	0.458679
19	0	-0.945986
19	1	0.120084
19	2	-0.445085
19	3	-0.145716
19	4	-0.261374
19	5	-0.460737
19	6	-0.538777
19	7	0.46474
19	8	-0.331333
19	9	0.193769
19	10	0.168575
19	11	-0.881346
19	12	-0.414749
19	13	0.171794
19	14	-0.0375227
19	15	-1.01469
19	16	-1.01933
19	17	0.192092
19	18	0.373691
19	19	1.1977
20	0	0.0885968
20	1	0.237325
20	2	-0.613625
20	3	-0.321237
20	4	0.401676
20	5	0.299542
20	6	0.389144
20	7	-0.165537
20	8	0.328916
20	9	-0.13727
20	10	-0.461216
20	11	0.091074
20	12	0.0959812
20	13	-0.722777
20	14	0.473621
20	15	-0.561984
20	16	0.0329924
20	17	-0.268486
20	18	0.307203
20	19	0.0919104
20	20	0.871769
21	0	0.392397
21	1	0.0175419
21	2	-0.0596007
21	3	-0.325314
21	4	0.111019
21	5	0.379619
21	6	0.524246
21	7	-0.038289
21	8	0.616301
21	9	0.311652
21	10	0.198685
21	11	0.635511
21	12	-0.303435
21	13	-0.0935486
21	14	0.0555972
21	15	0.137828
21	16	-0.302328
21	17	-0.444681
21	18	-0.252525
21	19	-0.122727
21	20	0.171978
21	21	1.46123
22	0	0.216107
22	1	0.168212
22	2	0.341314
22	3	0.123029
22	4	0.290094
22	5	0.648044
22	6	0.142322
22	7	-0.0588967
22	8	0.326148
22	9	0.387404
22	10	0.420509
22	11	0.350774
22	12	-0.306076
22	13	0.016106
22	14	0.193917
22	15	0.346216
22	16	-0.555117
22	17	0.00650634
22	18	0.147482
22	19	0.0991861
22	20	0.244063
22	21	0.18752
22	22	1.01655
23	0	-0.229033
23	1	-0.0183134
23	2	0.240164
23	3	-0.084814
23	4	-0.171859
23	5	-0.529476
23	6	-0.43854
23	7	0.401854
23	8	-0.311975
23	9	0.158629
23	10	0.0699306
23	11	0.23101
23	12	-0.0718036
23	13	-0.137153
23	14	-0.407059
23	15	0.0926812
23	16	-0.0709476
23	17	0.868841
23	18	-0.34781
23	19	-0.270296
23	20	-0.405752
23	21	-0.222237
23	22	0.401193
23	23	1.44102
24	0	-0.0630254
24	1	-0.235774
24	2	-0.412539
24	3	0.122163
24	4	0.232002
24	5	-0.626955
24	6	0.0717089
24	7	-0.472415
24	8	-0.109614
24	9	-0.165551
24	10	-0.808455
24	11	0.337889
24	12	0.249306
24	13	-0.353241
24	14	-0.343416
24	15	-0.140681
24	16	0.607262
24	17	-0.107243
24	18	-0.0640997
24	19	-0.207027
24	20	0.435895
24	21	-0.0457275
24	22	-0.399265
24	23	0.181135
24	24	0.930128
25	0	-0.214679
25	1	0.0445951
25	2	0.401142
25	3	-0.186647
25	4	-0.0496889
25	5	0.0372081
25	6	-0.610668
25	7	0.688889
25	8	-0.163649
25	9	0.0752626
25	10	-0.12427
25	11	-0.296951
25	12	0.0140502
25	13	0.314146
25	14	0.0368309
25	15	-0.0879511
25	16	-0.16078
25	17	0.119759
25	18	0.143848
25	19	0.257456
25	20	-0.184257
25	21	-0.540112
25	22	0.474312
25	23	0.305504
25	24	0.0418625
25	25	0.671897
26	0	0.00246676
26	1	-0.166985
26	2	0.628451
26	3	0.0345947
26	4	-0.0373963
26	5	0.402574
26	6	0.242667
26	7	-0.232954
26	8	0.152108
26	9	0.304779
26	10	-0.320357
26	11	-0.268874
26	12	0.166076
26	13	0.352796
26	14	-0.409255
26	15	0.377595
26	16	0.991478
26	17	0.11597
26	18	-0.673561
26	19	-1.24115
26	20	-0.196387
26	21	0.319425
26	22	-0.549386
26	23	-0.325185
26	24	-0.293745
26	25	-0.414242
26	26	1.46427
27	0	0.582584
27	1	0.22393
27	2	0.195015
27	3	0.179006
27	4	0.31725
27	5	0.467782
27	6	0.351044
27	7	-0.168749
27	8	0.452646
27	9	-0.476407
27	10	0.570435
27	11	0.561234
27	12	-0.577992
27	13	-0.138265
27	14	1.3044
27	15	0.301665
27	16	0.407553
27	17	-0.225195
27	18	0.0998137
27	19	-0.385049
27	20	0.68115
27	21	0.0845022
27	22	0.802138
27	23	-0.0501993
27	24	-0.350362
27	25	-0.510852
27	26	-0.101316
27	27	1.38701
28	0	0.161065
28	1	0.411033
28	2	-0.278687
28	3	0.179752
28	4	0.0699081
28	5	0.402736
28	6	0.107624
28	7	-0.392962
28	8	0.237658
28	9	0.0283019
28	10	0.769004
28	11	0.0851839
28	12	-0.237174
28	13	0.25925
28	14	0.598538
28	15	0.244619
28	16	0.279577
28	17	-0.525621
28	18	0.409134
28	19	-0.00684759
28	20	-0.578735
28	21	-0.256674
28	22	-0.372036
28	23	-0.446324
28	24	-0.489286
28	25	-0.557408
28	26	-0.702432
28	27	0.6426
28	28	1.20779
29	0	-0.199792
29	1	0.289609
29	2	-0.0337755
29	3	-0.517137
29	4	-0.128298
29	5	-0.228598
29	6	-0.309987
29	7	-0.239941
29	8	-0.270686
29	9	0.264333
29	10	-0.189823
29	11	-0.450898
29	12	0.261603
29	13	0.0846253
29	14	-0.514311
29	15	-0.484722
29	16	0.205188
29	17	0.220376
29	18	0.00817673
29	19	0.432695
29	20	-0.00708715
29	21	-0.471964
29	22	-0.601873
29	23	-0.461888
29	24	0.31602
29	25	0.202952
29	26	0.454171
29	27	-1.35676
29	28	-0.241424
29	29	0.9244
30	0	-0.141836
30	1	0.0862157
30	2	0.211341
30	3	0.363422
30	4	-0.44138
30	5	0.509022
30	6	-0.559989
30	7	0.0499511
30	8	0.0647667
30	9	0.215425
30	10	-0.210003
30	11	-0.0168243
30	12	-0.429025
30	13	-0.0181627
30	14	-0.257061
30	15	0.324735
30	16	-0.293128
30	17	0.285431
30	18	0.00497333
30	19	0.262774
30	20	-0.285671
30	21	0.606741
30	22	-0.0990481
30	23	0.362882
30	24	-0.133816
30	25	-0.25142
30	26	0.376132
30	27	0.0611259
30	28	0.0109145
30	29	-0.151183
30	30	1.02654
31	0	-0.0457994
31	1	-0.182424
31	2	0.235449
31	3	0.486156
31	4	-0.332948
31	5	-0.676917
31	6	-0.165074
31	7	-0.163852
31	8	-0.316553
31	9	-0.0032024
31	10	-0.20684
31	11	0.225606
31	12	0.128461
31	13	-0.0122269
31	14	-0.390639
31	15	0.175161
31	16	0.13007
31	17	0.611382
31	18	-0.283717
31	19	0.374103
31	20	-0.220222
31	21	-0.416417
31	22	0.543177
31	23	0.695855
31	24	0.535133
31	25	0.186346
31	26	-0.408534
31	27	-0.153286
31	28	-0.944788
31	29	0.0197332
31	30	-0.107865
31	31	1.07907
32	0	-0.203843
32	1	-0.512579
32	2	-0.0192785
32	3	0.566117
32	4	-0.321395
32	5	0.0355287
32	6	-0.146713
32	7	-0.17727
32	8	-0.217648
32	9	0.127704
32	10	0.22005
32	11	-0.455317
32	12	0.136935
32	13	0.290014
32	14	0.301588
32	15	0.0399753
32	16	0.00839577
32	17	-0.240587
32	18	0.361179
32	19	-0.0851451
32	20	-0.0434551
32	21	-0.0810334
32	22	-0.381319
32	23	0.431524
32	24	-0.0573679
32	25	0.107584
32	26	0.249299
32	27	-0.333781
32	28	0.124449
32	29	0.0551144
32	30	0.149282
32	31	-0.386682
32	32	0.988569
33	0	0.275594
33	1	0.668431
33	2	0.211577
33	3	0.240338
33	4	0.439615
33	5	0.609177
33	6	-0.0866016
33	7	-0.670032
33	8	0.128226
33	9	0.22977
33	10	0.299175
33	11	-0.250137
33	12	-0.493052
33	13	0.218974
33	14	-0.111495
33	15	-0.0630243
33	16	-0.726966
33	17	0.0909439
33	18	0.313236
33	19	0.691189
33	20	0.246129
33	21	-0.0010191
33	22	1.15167
33	23	0.168155
33	24	0.127049
33	25	0.408459
33	26	-0.842987
33	27	0.29984
33	28	0.0759064
33	29	0.28205
33	30	0.0579944
33	31	0.65099
33	32	-0.139048
33	33	1.2235
34	0	-0.460698
34	1	-0.256099
34	2	-0.290172
34	3	-0.0106088
34	4	0.230506
34	5	0.077671
34	6	0.0967294
34	7	-0.270051
34	8	0.216526
34	9	0.464469
34	10	0.048167
34	11	0.426718
34	12	0.256571
34	13	-0.273858
34	14	0.214665
34	15	0.0489807
34	16	0.705211
34	17	-0.0698785
34	18	-0.0479328
34	19	-0.356508
34	20	-0.0585788
34	21	-0.282389
34	22	0.31392
34	23	0.601899
34	24	0.507277
34	25	0.147984
34	26	0.295111
34	27	-0.0285875
34	28	0.0716728
34	29	0.0787916
34	30	-0.271763
34	31	0.132939
34	32	0.0042089
34	33	-0.141091
34	34	0.799721
35	0	-0.234588
35	1	0.266574
35	2	0.319865
35	3	-0.386609
35	4	-0.18385
35	5	-0.0138896
35	6	-0.211211
35	7	0.300802
35	8	0.276978
35	9	0.162173
35	10	-0.264407
35	11	-0.273693
35	12	-0.120523
35	13	-0.00374505
35	14	0.0510446
35	15	-0.34443
35	16	-0.603096
35	17	0.111186
35	18	-0.243525
35	19	0.409418
35	20	0.285515
35	21	0.874621
35	22	0.362651
35	23	0.267145
35	24	-0.10749
35	25	0.216123
35	26	-0.145451
35	27	0.0849416
35	28	-0.631913
35	29	-0.442103
35	30	0.486625
35	31	-0.126309
35	32	-0.0130318
35	33	-0.11373
35	34	-0.271428
35	35	0.625751
36	0	0.113153
36	1	-0.143846
36	2	0.125772
36	3	-0.0354303
36	4	0.169442
36	5	-0.167096
36	6	0.433713
36	7	0.34083
36	8	-0.0147787
36	9	0.074701
36	10	0.0917846
36	11	0.671609
36	12	0.30175
36	13	-0.351706
36	14	-0.110681
36	15	-0.0480221
36	16	-0.491529
36	17	-0.328474
36	18	-0.287127
36	19	-0.309216
36	20	0.123194
36	21	0.537525
36	22	0.430163
36	23	0.677389
36	24	0.212675
36	25	0.00751409
36	26	-0.379155
36	27	0.0208796
36	28	-0.512636
36	29	-0.267678
36	30	-0.549855
36	31	0.220694
36	32	-0.157849
36	33	-0.242953
36	34	0.272579
36	35	0.252588
36	36	0.641234
37	0	0.131743
37	1	-0.165522
37	2	-0.117329
37	3	0.128028
37	4	-0.183694
37	5	-0.609526
37	6	0.233869
37	7	-0.237962
37	8	-0.0487056
37	9	-0.578796
37	10	0.185897
37	11	0.197556
37	12	0.185349
37	13	-0.118864
37	14	-0.0279459
37	15	-0.489697
37	16	-0.0422252
37	17	0.131923
37	18	-0.107484
37	19	0.27294
37	20	0.127139
37	21	0.120852
37	22	0.126314
37	23	0.379444
37	24	0.193784
37	25	0.0584119
37	26	-0.642082
37	27	0.0188955
37	28	-0.368297
37	29	-0.119881
37	30	0.0504435
37	31	0.820525
37	32	-0.177554
37	33	0.156706
37	34	-0.113513
37	35	0.0546748
37	36	0.118115
37	37	0.923244
38	0	0.0897322
38	1	-0.106372
38	2	0.217375
38	3	0.271524
38	4	-0.51187
38	5	0.122994
38	6	-0.170958
38	7	-0.288364
38	8	-0.0687005
38	9	-0.416451
38	10	-0.41806
38	11	0.269957
38	12	-0.186189
38	13	-0.0905651
38	14	-0.0170471
38	15	0.282329
38	16	-0.0186497
38	17	0.279433
38	18	-0.199159
38	19	-0.484098
38	20	0.0367842
38	21	-0.124703
38	22	0.188886
38	23	0.607441
38	24	0.0291817
38	25	0.197181
38	26	0.236085
38	27	0.020531
38	28	-0.312059
38	29	0.0427946
38	30	0.277647
38	31	0.286437
38	32	0.426803
38	33	-0.135447
38	34	0.134808
38	35	-0.0981343
38	36	0.0317837
38	37	0.177722
38	38	0.852929
39	0	0.394789
39	1	0.0308209
39	2	0.321043
39	3	-0.201335
39	4	0.138208
39	5	0.389959
39	6	-0.545727
39	7	0.561012
39	8	0.00518002
39	9	-0.232235
39	10	-0.062713
39	11	-0.060573
39	12	-0.282619
39	13	0.285795
39	14	0.13598
39	15	0.241673
39	16	0.275023
39	17	0.120315
39	18	0.0700156
39	19	-0.391073
39	20	0.106219
39	21	-0.366349
39	22	0.22084
39	23	0.0465478
39	24	-0.497166
39	25	0.241466
39	26	0.75
39	27	0.560421
39	28	-0.220448
39	29	-0.201807
39	30	0.229
39	31	-0.506023
39	32	0.0339272
39	33	-0.20902
39	34	-0.0467512
39	35	0.146361
39	36	-0.190235
39	37	-0.459561
39	38	0.0407596
39	39	0.707225
