60	3600	5	1
0	0	0.412486
1	0	0.0148678
1	1	0.991877
2	0	-0.21882
2	1	0.635355
2	2	0.917513
3	0	0.138592
3	1	-0.0271235
3	2	-0.0207939
3	3	1.05902
4	0	0.155008
4	1	-0.176809
4	2	0.0788472
4	3	0.214105
4	4	0.965897
5	0	-0.413937
5	1	-0.0557904
5	2	-0.435858
5	3	0.373013
5	4	-0.283482
5	5	1.08447
6	0	-0.0233381
6	1	-0.182089
6	2	0.00858391
6	3	0.0940644
6	4	-0.169311
6	5	0.100005
6	6	1.02639
7	0	-0.356974
7	1	0.180364
7	2	-0.0790501
7	3	-0.188168
7	4	-0.240692
7	5	0.0188181
7	6	-0.0292022
7	7	0.662161
8	0	0.251994
8	1	-0.111396
8	2	0.583256
8	3	0.23659
8	4	0.199294
8	5	-0.00793482
8	6	-0.0933457
8	7	-0.193252
8	8	1.19144
9	0	0.321924
9	1	-0.479213
9	2	0.282602
9	3	0.155136
9	4	-0.00293799
9	5	-0.294107
9	6	0.153002
9	7	-0.325806
9	8	0.923681
9	9	1.21033
10	0	-0.252265
10	1	0.300563
10	2	0.112095
10	3	0.135362
10	4	-0.0713974
10	5	-0.121028
10	6	-0.831504
10	7	0.429766
10	8	-0.129036
10	9	-0.239148
10	10	1.11108
11	0	-0.230299
11	1	-0.350021
11	2	-0.0559108
11	3	-0.0821494
11	4	0.217692
11	5	-0.492811
11	6	-0.388634
11	7	0.543529
11	8	-0.141219
11	9	0.179096
11	10	0.109395
11	11	0.884006
12	0	-0.101321
12	1	-0.177578
12	2	-0.267781
12	3	-0.129327
12	4	-0.189091
12	5	-0.096268
12	6	0.149214
12	7	-0.257335
12	8	-0.656806
12	9	0.166152
12	10	0.208307
12	11	0.0456807
12	12	0.919858
13	0	-0.295009
13	1	0.106
13	2	0.18803
13	3	-0.166744
13	4	0.0325244
13	5	-0.304929
13	6	0.304485
13	7	-0.179033
13	8	-0.263014
13	9	-0.171046
13	10	-0.281039
13	11	-0.15539
13	12	0.317906
13	13	1.42903
14	0	0.0590025
14	1	-0.367254
14	2	0.0333695
14	3	-0.368309
14	4	-0.0733815
14	5	-0.364534
14	6	-0.0634349
14	7	-0.274684
14	8	-0.0903046
14	9	0.00957885
14	10	0.3623
14	11	0.112428
14	12	1.04107
14	13	0.689167
14	14	1.54418
15	0	-0.122975
15	1	0.178498
15	2	-0.590357
15	3	-0.265685
15	4	-0.389567
15	5	0.109893
15	6	0.440664
15	7	0.384887
15	8	-0.25278
15	9	-0.790944
15	10	0.337704
15	11	-0.182756
15	12	0.22023
15	13	-0.523542
15	14	0.140677
15	15	1.20635
16	0	0.0819544
16	1	0.265955
16	2	0.334541
16	3	-0.312126
16	4	0.399177
16	5	-0.46299
16	6	0.00833146
16	7	-0.185375
16	8	0.403416
16	9	-0.321239
16	10	0.108094
16	11	0.228687
16	12	-0.17709
16	13	-0.141272
16	14	-0.703535
16	15	0.19174
16	16	1.05531
17	0	0.0997336
17	1	-0.337491
17	2	-0.138826
17	3	-0.00797078
17	4	-0.238518
17	5	0.233759
17	6	0.116251
17	7	-0.230012
17	8	0.243973
17	9	0.00333367
17	10	-0.531703
17	11	-0.29593
17	12	-0.225102
17	13	0.439546
17	14	-0.19113
17	15	-0.143757
17	16	0.0178535
17	17	0.784901
18	0	0.0630987
18	1	0.314234
18	2	-0.423696
18	3	-0.146036
18	4	-0.0890315
18	5	0.408053
18	6	0.405037
18	7	0.102479
18	8	-0.242676
18	9	-0.0199624
18	10	-0.405727
18	11	-0.161685
18	12	0.270347
18	13	-0.501754
18	14	-0.351104
18	15	0.468193
18	16	0.105853
18	17	-0.485668
18	18	1.01738
19	0	-0.0327546
19	1	0.0421232
19	2	-0.038164
19	3	0.161669
19	4	0.178284
19	5	-0.131864
19	6	0.17992
19	7	0.0528898
19	8	-0.156594
19	9	-0.147519
19	10	-0.18174
19	11	0.04975
19	12	0.401223
19	13	0.04949
19	14	0.0732528
19	15	-0.391157
19	16	-0.262494
19	17	0.0352611
19	18	0.354502
19	19	1.03711
20	0	0.0353547
20	1	0.278689
20	2	0.266688
20	3	-0.322957
20	4	0.382859
20	5	-0.0287147
20	6	-0.231916
20	7	-0.123011
20	8	0.125012
20	9	0.402418
20	10	-0.173245
20	11	0.235917
20	12	-0.168872
20	13	-0.335693
20	14	-0.0182691
20	15	-0.498689
20	16	0.0228698
20	17	0.0411097
20	18	-0.0490813
20	19	0.309765
20	20	0.86174
21	0	0.0695324
21	1	-0.575509
21	2	0.0199011
21	3	-0.047932
21	4	-0.189383
21	5	-0.126589
21	6	0.101606
21	7	-0.0711242
21	8	0.323084
21	9	0.443827
21	10	-0.0204395
21	11	-0.248283
21	12	0.583864
21	13	-0.28301
21	14	0.432648
21	15	0.244525
21	16	-0.198689
21	17	0.452891
21	18	0.136775
21	19	0.249391
21	20	0.218997
21	21	1.13275
22	0	0.194611
22	1	0.50247
22	2	0.0150208
22	3	-0.224252
22	4	-0.511252
22	5	-0.125234
22	6	0.0501604
22	7	0.299904
22	8	-0.64214
22	9	-0.607217
22	10	0.389703
22	11	-0.21491
22	12	-0.162204
22	13	-0.444865
22	14	0.10067
22	15	0.2487
22	16	-0.383343
22	17	0.278549
22	18	-0.299304
22	19	-0.106638
22	20	-0.8101
22	21	-0.177081
22	22	1.12424
23	0	0.117281
23	1	-0.0811792
23	2	0.387749
23	3	-0.128365
23	4	0.0167884
23	5	-0.254218
23	6	0.122374
23	7	0.0580891
23	8	0.212267
23	9	0.632804
23	10	0.139394
23	11	0.224622
23	12	0.0995414
23	13	0.0687756
23	14	0.569681
23	15	-0.0583377
23	16	-0.538525
23	17	-0.079219
23	18	0.0369478
23	19	0.030923
23	20	0.0653748
23	21	0.225777
23	22	0.262971
23	23	0.607165
24	0	-0.124434
24	1	0.0459288
24	2	0.238206
24	3	0.0383854
24	4	0.190494
24	5	-0.353262
24	6	0.113854
24	7	0.152037
24	8	-0.375815
24	9	0.0435751
24	10	-0.484788
24	11	0.287981
24	12	-0.246184
24	13	-0.22763
24	14	-0.101485
24	15	0.105795
24	16	-0.178832
24	17	-0.469623
24	18	0.0523646
24	19	0.362653
24	20	-0.0149925
24	21	-0.322997
24	22	0.237764
24	23	0.120178
24	24	0.844758
25	0	-0.165075
25	1	0.0334794
25	2	0.169879
25	3	-0.0837
25	4	0.180893
25	5	-0.0752861
25	6	0.349733
25	7	0.141179
25	8	0.491494
25	9	0.191
25	10	0.0141164
25	11	0.0789629
25	12	-0.148587
25	13	0.122654
25	14	0.0895168
25	15	0.107668
25	16	0.0762214
25	17	-0.425209
25	18	-0.116513
25	19	0.252964
25	20	0.138599
25	21	-0.532547
25	22	-0.334598
25	23	-0.00786306
25	24	0.214329
25	25	0.693013
26	0	0.0218199
26	1	-0.0185762
26	2	-0.500281
26	3	-0.012128
26	4	0.321199
26	5	-0.285801
26	6	0.00962847
26	7	0.135449
26	8	0.109586
26	9	0.206119
26	10	0.0677287
26	11	0.377514
26	12	-0.312372
26	13	-0.151213
26	14	-0.301203
26	15	0.524714
26	16	0.501736
26	17	0.0627197
26	18	0.146238
26	19	-0.028748
26	20	0.311013
26	21	-0.100791
26	22	-0.0755134
26	23	-0.335403
26	24	0.418887
26	25	0.373953
26	26	0.8932
27	0	-0.00256971
27	1	0.696567
27	2	-0.0875008
27	3	0.145497
27	4	0.169272
27	5	0.369929
27	6	0.269128
27	7	0.0748939
27	8	-0.50485
27	9	-0.694738
27	10	-0.222631
27	11	-0.0945201
27	12	0.0866263
27	13	-0.30126
27	14	-0.463283
27	15	0.633481
27	16	0.0528625
27	17	-0.124298
27	18	-0.0771665
27	19	0.51563
27	20	0.0727302
27	21	-0.26845
27	22	0.156829
27	23	-0.462428
27	24	0.214888
27	25	0.237237
27	26	0.200308
27	27	1.03118
28	0	-0.261788
28	1	0.528684
28	2	0.289125
28	3	0.264707
28	4	-0.266915
28	5	0.142057
28	6	-0.0598918
28	7	0.335742
28	8	-0.189731
28	9	-0.183239
28	10	0.254784
28	11	0.195266
28	12	-0.44148
28	13	-0.351872
28	14	-0.708863
28	15	0.494009
28	16	0.00536319
28	17	-0.0247581
28	18	-0.187313
28	19	-0.742876
28	20	0.0351826
28	21	-0.384313
28	22	0.0194386
28	23	0.0116254
28	24	0.264462
28	25	0.0762858
28	26	0.188752
28	27	0.373059
28	28	0.818873
29	0	-0.0192347
29	1	0.475484
29	2	0.129044
29	3	-0.250306
29	4	0.437243
29	5	0.303194
29	6	-0.0948986
29	7	-0.0163701
29	8	-0.293753
29	9	-0.722546
29	10	0.14907
29	11	-0.233946
29	12	-0.0582973
29	13	-0.447869
29	14	-0.281538
29	15	0.238765
29	16	0.109278
29	17	-0.0108657
29	18	-0.154327
29	19	-0.631606
29	20	-0.0662182
29	21	-0.21019
29	22	0.370896
29	23	-0.181664
29	24	-0.069826
29	25	-0.57237
29	26	-0.404825
29	27	0.455251
29	28	0.411369
29	29	1.01807
30	0	-0.196471
30	1	-0.042682
30	2	0.280575
30	3	0.355194
30	4	-0.176566
30	5	0.188664
30	6	0.139373
30	7	-0.156016
30	8	0.0426953
30	9	-0.0031809
30	10	-0.290288
30	11	-0.446853
30	12	0.0123458
30	13	-0.354131
30	14	-0.226269
30	15	-0.14389
30	16	0.229876
30	17	-0.0313298
30	18	0.235174
30	19	0.434564
30	20	-0.0274043
30	21	0.411369
30	22	-0.321997
30	23	-0.514321
30	24	-0.0499432
30	25	-0.134041
30	26	-0.27242
30	27	-0.260776
30	28	-0.217085
30	29	-0.431744
30	30	0.982404
31	0	-0.0206182
31	1	-0.3427
31	2	0.296129
31	3	-0.00304109
31	4	0.222445
31	5	-0.370218
31	6	-0.109262
31	7	-0.0811062
31	8	0.563527
31	9	0.647038
31	10	-0.210633
31	11	-0.189988
31	12	0.0764531
31	13	0.206016
31	14	-0.045855
31	15	0.0797583
31	16	-0.205669
31	17	0.0714978
31	18	-0.0829025
31	19	0.297128
31	20	0.388381
31	21	0.841832
31	22	-0.875383
31	23	0.461036
31	24	-0.0138229
31	25	0.183539
31	26	-0.195347
31	27	-0.358141
31	28	-0.199201
31	29	-0.308958
31	30	0.472362
31	31	0.840963
32	0	-0.239936
32	1	0.255234
32	2	0.290149
32	3	0.112423
32	4	-0.563761
32	5	0.18742
32	6	-0.254532
32	7	0.434313
32	8	-0.155082
32	9	-0.314807
32	10	0.685314
32	11	-0.0497481
32	12	-0.34603
32	13	-0.494787
32	14	-0.364312
32	15	0.366295
32	16	-0.0741477
32	17	0.204887
32	18	-0.20076
32	19	-0.537252
32	20	-0.387092
32	21	0.55605
32	22	1.05584
32	23	0.151675
32	24	-0.164251
32	25	-0.574523
32	26	-0.201895
32	27	-0.228663
32	28	0.520388
32	29	-0.0832961
32	30	0.0657588
32	31	-0.513003
32	32	1.09805
33	0	0.201134
33	1	-0.171057
33	2	0.102887
33	3	-0.0909664
33	4	-0.00803697
33	5	-0.436536
33	6	-0.422988
33	7	-0.219407
33	8	0.375953
33	9	0.517231
33	10	0.399544
33	11	0.182595
33	12	0.0629193
33	13	0.235423
33	14	0.330311
33	15	-0.514114
33	16	-0.284798
33	17	0.0518764
33	18	-0.797438
33	19	0.0874346
33	20	0.31943
33	21	-0.161445
33	22	-0.213486
33	23	0.0974529
33	24	0.0240609
33	25	-0.132606
33	26	-0.240365
33	27	-0.292137
33	28	0.017837
33	29	-0.172041
33	30	-0.516895
33	31	-0.218584
33	32	0.196824
33	33	0.774326
34	0	-0.201717
34	1	0.194982
34	2	-0.28725
34	3	-0.205233
34	4	-0.372749
34	5	-0.154754
34	6	-0.163021
34	7	0.467808
34	8	0.165047
34	9	0.167427
34	10	0.137222
34	11	0.49345
34	12	0.204245
34	13	-0.383336
34	14	-0.0776739
34	15	0.102718
34	16	-0.243383
34	17	-0.225914
34	18	0.394767
34	19	0.295429
34	20	0.162845
34	21	0.218795
34	22	0.0521581
34	23	0.023976
34	24	-0.141066
34	25	0.516938
34	26	0.0947229
34	27	-0.0659891
34	28	0.0792233
34	29	-0.257399
34	30	-0.196134
34	31	0.206464
34	32	-0.220074
34	33	-0.273463
34	34	0.925047
35	0	-0.0638903
35	1	0.0804051
35	2	0.12263
35	3	0.01777
35	4	-0.0424854
35	5	0.368631
35	6	-0.854558
35	7	0.261175
35	8	0.0424451
35	9	-0.359354
35	10	0.815789
35	11	0.184505
35	12	-0.27435
35	13	-0.236035
35	14	0.206721
35	15	0.175784
35	16	-0.00999825
35	17	-0.249
35	18	-0.0159707
35	19	0.13077
35	20	-0.595946
35	21	-0.19474
35	22	0.431289
35	23	0.187144
35	24	0.14903
35	25	0.00590119
35	26	-0.151853
35	27	0.119112
35	28	0.244951
35	29	-0.0495724
35	30	-0.2142
35	31	-0.217836
35	32	0.270553
35	33	0.0134148
35	34	0.0684803
35	35	0.784092
36	0	0.445237
36	1	-0.0467358
36	2	-0.052309
36	3	-0.192498
36	4	0.235957
36	5	-0.137396
36	6	0.318265
36	7	-0.529938
36	8	-0.171229
36	9	0.20081
36	10	0.0600126
36	11	-0.186373
36	12	0.881423
36	13	-0.287461
36	14	0.596886
36	15	0.177974
36	16	0.137444
36	17	-0.294696
36	18	0.32505
36	19	0.0267954
36	20	-0.175072
36	21	-0.165372
36	22	0.319083
36	23	0.225826
36	24	-0.579526
36	25	-0.092733
36	26	-0.265038
36	27	-0.0626744
36	28	-0.624787
36	29	-0.0301931
36	30	-0.0761159
36	31	-0.155975
36	32	-0.205503
36	33	0.118705
36	34	-0.205365
36	35	-0.0935983
36	36	1.2011
37	0	0.0807879
37	1	0.466358
37	2	-0.306896
37	3	-0.421149
37	4	-0.0426898
37	5	0.192182
37	6	-0.16845
37	7	0.258626
37	8	0.0178208
37	9	0.366271
37	10	0.515644
37	11	-0.104276
37	12	-0.401737
37	13	-0.836123
37	14	-0.341579
37	15	0.00355331
37	16	0.237878
37	17	-0.00446061
37	18	0.650183
37	19	-0.2867
37	20	0.716617
37	21	0.0140573
37	22	0.151893
37	23	-0.235303
37	24	-0.468996
37	25	-0.124729
37	26	0.638668
37	27	-0.202086
37	28	0.0839728
37	29	0.090276
37	30	-0.329811
37	31	-0.728523
37	32	0.646795
37	33	0.122693
37	34	0.321994
37	35	-0.177024
37	36	0.0167501
37	37	1.16415
38	0	-0.0968211
38	1	-0.0829196
38	2	-0.229331
38	3	-0.173067
38	4	-0.653906
38	5	0.285719
38	6	-0.44651
38	7	0.112822
38	8	0.309796
38	9	0.535465
38	10	0.696323
38	11	-0.358683
38	12	-0.357822
38	13	-0.107053
38	14	0.160515
38	15	-0.0294686
38	16	-0.98044
38	17	0.344863
38	18	-0.269233
38	19	0.297348
38	20	-0.0121522
38	21	0.263915
38	22	0.499163
38	23	0.340081
38	24	-0.12284
38	25	-0.11886
38	26	-0.0789673
38	27	-0.341287
38	28	0.0254067
38	29	-0.130086
38	30	-0.158616
38	31	0.0734686
38	32	0.701964
38	33	0.57409
38	34	0.458871
38	35	0.401948
38	36	-0.729573
38	37	0.685064
38	38	1.13464
39	0	0.369763
39	1	0.153162
39	2	0.0524301
39	3	0.458167
39	4	0.122344
39	5	0.422417
39	6	0.275312
39	7	-0.192081
39	8	0.479653
39	9	0.226367
39	10	-0.0684026
39	11	-0.643918
39	12	-0.691503
39	13	0.0357637
39	14	-1.16805
39	15	-0.236923
39	16	0.671065
39	17	0.275319
39	18	-0.121366
39	19	-0.0410405
39	20	-0.254225
39	21	-0.235828
39	22	0.0279461
39	23	-0.185427
39	24	-0.326881
39	25	-0.0427203
39	26	0.359053
39	27	0.100327
39	28	0.0769114
39	29	0.0123426
39	30	0.430071
39	31	0.0110143
39	32	-0.0329734
39	33	-0.246084
39	34	-0.712939
39	35	0.204078
39	36	-0.175302
39	37	-0.0848312
39	38	-0.0434029
39	39	1.12212
40	0	-0.0884571
40	1	0.0351888
40	2	0.0162621
40	3	0.594802
40	4	0.192967
40	5	0.443862
40	6	-0.073818
40	7	-0.0178723
40	8	-0.0293357
40	9	0.0774916
40	10	0.553573
40	11	-0.659792
40	12	-0.354089
40	13	0.205721
40	14	-0.160068
40	15	-0.361111
40	16	-0.764898
40	17	0.456524
40	18	-0.549491
40	19	-0.0780974
40	20	0.258211
40	21	-0.0804561
40	22	-0.0438073
40	23	-0.148469
40	24	-0.538614
40	25	-0.0671773
40	26	-0.0495969
40	27	0.244686
40	28	0.0852386
40	29	0.275064
40	30	-0.206151
40	31	0.0194274
40	32	0.00791337
40	33	0.25144
40	34	-0.465502
40	35	-0.186968
40	36	-0.178788
40	37	0.453446
40	38	0.375546
40	39	0.118095
40	40	0.973626
41	0	0.0341573
41	1	-0.41255
41	2	-0.340524
41	3	-0.105464
41	4	-0.745281
41	5	-0.0430442
41	6	0.092475
41	7	-0.0028359
41	8	-0.188984
41	9	0.0768243
41	10	0.391044
41	11	0.19113
41	12	0.139191
41	13	0.147229
41	14	0.515411
41	15	-0.09184
41	16	-0.101025
41	17	-0.156775
41	18	0.152552
41	19	-0.0936647
41	20	-0.199341
41	21	-0.275473
41	22	0.115012
41	23	0.132076
41	24	-0.372126
41	25	0.0738818
41	26	-0.0872853
41	27	-0.469586
41	28	-0.204014
41	29	-0.771217
41	30	0.146433
41	31	-0.381203
41	32	0.118093
41	33	0.0906449
41	34	0.16823
41	35	-0.0283039
41	36	-0.132028
41	37	0.00362589
41	38	0.393039
41	39	-0.0259869
41	40	-0.225959
41	41	0.811796
42	0	0.417953
42	1	0.184936
42	2	-0.0535198
42	3	0.558996
42	4	0.414432
42	5	0.0222952
42	6	-0.0722145
42	7	-0.728659
42	8	0.128446
42	9	-0.189155
42	10	0.200485
42	11	-0.380897
42	12	-0.046384
42	13	0.114987
42	14	0.837941
42	15	-0.312642
42	16	0.609093
42	17	0.217385
42	18	0.0647488
42	19	-0.106404
42	20	-0.030952
42	21	-0.104137
42	22	0.282093
42	23	-0.147618
42	24	-0.285158
42	25	-0.683762
42	26	0.12074
42	27	-0.464491
42	28	-0.53671
42	29	0.0558849
42	30	0.379993
42	31	-0.636844
42	32	0.12935
42	33	0.0892461
42	34	-0.619025
42	35	0.0262625
42	36	0.218492
42	37	0.359223
42	38	0.0644776
42	39	0.656464
42	40	-0.0829479
42	41	0.443861
42	42	1.24321
43	0	0.0305243
43	1	0.398874
43	2	-0.304772
43	3	-0.212164
43	4	0.216528
43	5	-0.108316
43	6	-0.243271
43	7	-0.173172
43	8	-0.124009
43	9	0.226409
43	10	1.01462
43	11	-0.387724
43	12	0.358244
43	13	0.1038
43	14	0.218171
43	15	0.534436
43	16	-0.034812
43	17	-0.203309
43	18	0.284619
43	19	-0.126257
43	20	0.170361
43	21	0.218899
43	22	-0.0393017
43	23	-0.13348
43	24	-0.26945
43	25	0.0957428
43	26	0.526122
43	27	-0.211898
43	28	0.0730696
43	29	-0.0137707
43	30	0.217149
43	31	0.111061
43	32	-0.0634535
43	33	0.150324
43	34	0.0318978
43	35	0.0301199
43	36	0.38742
43	37	0.423693
43	38	0.386996
43	39	-0.14519
43	40	0.277763
43	41	0.125616
43	42	0.080204
43	43	1.03352
44	0	0.146362
44	1	1.02081
44	2	0.510092
44	3	0.0843073
44	4	-0.139641
44	5	-0.0039306
44	6	-0.322707
44	7	0.0114612
44	8	-0.0190131
44	9	-0.0721893
44	10	0.807477
44	11	-0.253763
44	12	0.111788
44	13	-0.164573
44	14	0.00761647
44	15	-0.459112
44	16	0.034545
44	17	-0.0721287
44	18	-0.0336859
44	19	0.495971
44	20	0.379985
44	21	-0.0740185
44	22	0.252147
44	23	0.287364
44	24	-0.150309
44	25	-0.150506
44	26	-0.168272
44	27	0.319145
44	28	0.576322
44	29	0.092849
44	30	0.178502
44	31	-0.260335
44	32	-0.0612615
44	33	0.272015
44	34	-0.0496885
44	35	0.459919
44	36	-0.13042
44	37	0.122656
44	38	0.270262
44	39	0.316211
44	40	0.216212
44	41	0.141336
44	42	0.240211
44	43	0.779235
44	44	1.23315
45	0	0.147452
45	1	-0.00475302
45	2	0.196819
45	3	-0.221276
45	4	-0.0462636
45	5	-0.363672
45	6	-0.173853
45	7	0.464488
45	8	0.036439
45	9	-0.13813
45	10	0.373223
45	11	0.455453
45	12	-0.330991
45	13	-0.745446
45	14	0.0269734
45	15	0.463715
45	16	0.410669
45	17	0.0967219
45	18	-0.0972731
45	19	-0.793592
45	20	-0.208183
45	21	0.112842
45	22	0.69156
45	23	0.0210903
45	24	0.398316
45	25	-0.509324
45	26	0.354153
45	27	-0.387563
45	28	0.644651
45	29	0.132176
45	30	-0.0771657
45	31	-0.765766
45	32	1.024
45	33	0.308559
45	34	-0.374347
45	35	0.25713
45	36	-0.615771
45	37	0.662758
45	38	0.0681707
45	39	-0.159347
45	40	-0.283648
45	41	0.0885471
45	42	0.602724
45	43	-0.183604
45	44	0.395381
45	45	1.53206
46	0	0.238198
46	1	-0.0104193
46	2	0.220197
46	3	-0.118199
46	4	-0.277252
46	5	-0.577922
46	6	0.143083
46	7	0.23801
46	8	0.330794
46	9	0.0317902
46	10	-0.484699
46	11	0.599383
46	12	0.0823301
46	13	-0.125761
46	14	0.0137056
46	15	0.046464
46	16	0.347464
46	17	-0.00186357
46	18	0.0162142
46	19	-0.0265437
46	20	-0.648823
46	21	0.0856845
46	22	0.27921
46	23	0.322361
46	24	0.0530988
46	25	-0.100602
46	26	-0.588058
46	27	-0.117905
46	28	0.396811
46	29	0.0518589
46	30	0.0792414
46	31	-0.192131
46	32	0.163118
46	33	0.0901885
46	34	0.04357
46	35	0.363564
46	36	0.111893
46	37	-0.496053
46	38	-0.430418
46	39	0.114751
46	40	-0.975647
46	41	-0.0148405
46	42	-0.160518
46	43	-0.618463
46	44	0.175845
46	45	0.294124
46	46	1.2304
47	0	0.105856
47	1	-0.85146
47	2	-0.161965
47	3	0.465414
47	4	0.3418
47	5	-0.0400701
47	6	0.255298
47	7	-0.272828
47	8	0.328874
47	9	0.34522
47	10	-0.404184
47	11	0.0898952
47	12	0.170712
47	13	-0.101329
47	14	-0.0382262
47	15	-0.146163
47	16	-0.123489
47	17	0.0521451
47	18	-0.108818
47	19	0.338992
47	20	-0.0218697
47	21	0.22087
47	22	-0.509945
47	23	0.328269
47	24	0.36423
47	25	-0.246036
47	26	-0.301557
47	27	-0.369804
47	28	-0.0816205
47	29	-0.221064
47	30	0.079553
47	31	0.353519
47	32	-0.119621
47	33	0.496411
47	34	-0.233678
47	35	-0.227377
47	36	-0.303216
47	37	-0.681588
47	38	0.255318
47	39	0.143497
47	40	-0.315612
47	41	0.323271
47	42	0.59145
47	43	-0.531597
47	44	-0.178306
47	45	0.364089
47	46	0.352654
47	47	1.00291
48	0	-0.148704
48	1	0.232626
48	2	0.00705352
48	3	-0.163868
48	4	0.46289
48	5	0.0839644
48	6	-0.0974356
48	7	0.421557
48	8	-0.0696321
48	9	-0.870866
48	10	0.201132
48	11	0.444746
48	12	-0.474424
48	13	-0.145374
48	14	0.0139736
48	15	0.830882
48	16	0.388289
48	17	-0.12295
48	18	-0.0076691
48	19	-0.310217
48	20	-0.370562
48	21	-0.705982
48	22	0.486905
48	23	-0.0935142
48	24	0.248537
48	25	0.12773
48	26	0.462056
48	27	0.437991
48	28	0.288695
48	29	0.203821
48	30	-0.00962473
48	31	-0.525318
48	32	0.327033
48	33	-0.307757
48	34	-0.488548
48	35	0.394928
48	36	-0.189611
48	37	-0.103177
48	38	-0.501443
48	39	0.202624
48	40	-0.138554
48	41	0.0689223
48	42	0.287101
48	43	-0.0771777
48	44	-0.189994
48	45	1.05954
48	46	0.208945
48	47	-0.249714
48	48	0.907091
49	0	-0.276146
49	1	-0.406097
49	2	-0.0133362
49	3	0.312031
49	4	0.100443
49	5	0.288497
49	6	-0.231375
49	7	-0.260326
49	8	0.0937494
49	9	0.0158029
49	10	0.558599
49	11	0.334436
49	12	0.473243
49	13	0.278392
49	14	0.882137
49	15	-0.466663
49	16	0.189621
49	17	-0.342727
49	18	-0.12461
49	19	0.28466
49	20	-0.0326881
49	21	0.10726
49	22	-0.394322
49	23	-0.209676
49	24	-0.224119
49	25	0.111277
49	26	-0.0906234
49	27	-0.389672
49	28	-0.501264
49	29	-0.456532
49	30	0.344508
49	31	-0.408616
49	32	-0.138939
49	33	0.28315
49	34	-0.0509844
49	35	0.436095
49	36	0.260497
49	37	-0.00187818
49	38	-0.247066
49	39	-0.0327691
49	40	-0.0561469
49	41	0.406101
49	42	0.640291
49	43	0.11423
49	44	-0.0565496
49	45	-0.351137
49	46	0.196511
49	47	-0.147276
49	48	0.042182
49	49	0.908266
50	0	0.014934
50	1	-0.0828238
50	2	-0.467643
50	3	-0.182921
50	4	-0.347919
50	5	-0.50422
50	6	-0.373796
50	7	-0.333659
50	8	-0.499951
50	9	-0.693452
50	10	0.898081
50	11	-0.163905
50	12	0.0982398
50	13	0.54464
50	14	0.038414
50	15	0.0841149
50	16	0.416734
50	17	0.12597
50	18	-0.257161
50	19	0.0710986
50	20	0.0116175
50	21	0.0418701
50	22	-0.0600836
50	23	-0.293669
50	24	-0.641915
50	25	-0.101988
50	26	-0.0244305
50	27	-0.177615
50	28	-0.187971
50	29	-0.0777201
50	30	-0.069259
50	31	-0.0333681
50	32	0.0660519
50	33	0.186829
50	34	0.282762
50	35	-0.18692
50	36	-0.204134
50	37	-0.00541097
50	38	0.584841
50	39	-0.247935
50	40	0.223681
50	41	0.880437
50	42	0.371772
50	43	0.713182
50	44	0.441507
50	45	-0.393342
50	46	-0.536393
50	47	0.116056
50	48	-0.462701
50	49	0.00451484
50	50	1.28396
51	0	-0.179277
51	1	-0.791325
51	2	0.0625124
51	3	-1.29729
51	4	0.104346
51	5	-0.507978
51	6	-0.0799739
51	7	0.00771716
51	8	0.306721
51	9	0.27321
51	10	-0.287024
51	11	0.275158
51	12	0.357639
51	13	0.300091
51	14	0.676698
51	15	-0.40776
51	16	-0.0221536
51	17	0.129262
51	18	-0.0890357
51	19	0.167628
51	20	-0.11917
51	21	0.710198
51	22	0.126855
51	23	0.312576
51	24	0.104956
51	25	0.246745
51	26	0.0161692
51	27	-0.0323476
51	28	-0.366452
51	29	-0.275902
51	30	-0.336113
51	31	0.0687072
51	32	-0.169208
51	33	0.0066556
51	34	0.35433
51	35	0.128702
51	36	-0.423253
51	37	-0.23012
51	38	0.248702
51	39	-0.464893
51	40	-0.570313
51	41	0.462311
51	42	-0.34653
51	43	-0.195547
51	44	-0.0625518
51	45	-0.0345418
51	46	0.791543
51	47	0.283646
51	48	0.0167287
51	49	0.280212
51	50	0.0304775
51	51	1.44342
52	0	-0.215987
52	1	0.205561
52	2	0.165601
52	3	0.208712
52	4	-0.0493677
52	5	-0.0772198
52	6	-0.328538
52	7	-0.253739
52	8	-0.147521
52	9	-0.179141
52	10	0.000509586
52	11	-0.143266
52	12	0.00621579
52	13	1.16793
52	14	0.285337
52	15	-0.145256
52	16	0.164826
52	17	-0.0809465
52	18	-0.148198
52	19	-0.292862
52	20	0.0460201
52	21	-0.329632
52	22	-0.558653
52	23	-0.117578
52	24	0.0659537
52	25	0.491295
52	26	0.273794
52	27	-0.158322
52	28	0.41005
52	29	-0.529155
52	30	0.0188716
52	31	0.221524
52	32	-0.210527
52	33	-0.131889
52	34	-0.0269108
52	35	0.0694306
52	36	-0.235176
52	37	-0.345075
52	38	-0.237942
52	39	0.0114669
52	40	-0.11962
52	41	0.128927
52	42	-0.0220506
52	43	0.275545
52	44	0.0597685
52	45	-0.697114
52	46	-0.036715
52	47	-0.275636
52	48	-0.100999
52	49	0.22203
52	50	0.467833
52	51	0.0753579
52	52	0.820711
53	0	-0.397754
53	1	0.187198
53	2	-0.0942147
53	3	0.1741
53	4	0.0805969
53	5	0.167728
53	6	-0.0893346
53	7	0.353217
53	8	-0.271896
53	9	-0.110584
53	10	0.303602
53	11	0.318349
53	12	-0.201165
53	13	-0.0422585
53	14	-0.431897
53	15	-0.0639313
53	16	0.483436
53	17	0.0194015
53	18	0.217794
53	19	0.393249
53	20	0.208929
53	21	-0.284121
53	22	-0.397148
53	23	-0.368253
53	24	0.100938
53	25	0.343465
53	26	0.319978
53	27	0.286656
53	28	0.336615
53	29	-0.373886
53	30	0.0142077
53	31	-0.292484
53	32	0.508858
53	33	0.0777964
53	34	-0.0612771
53	35	0.041057
53	36	-0.643464
53	37	0.883568
53	38	0.106081
53	39	-0.170513
53	40	0.344256
53	41	-0.110108
53	42	-0.160598
53	43	-0.272926
53	44	-0.193319
53	45	0.378717
53	46	-0.162407
53	47	-0.182958
53	48	0.308124
53	49	0.118888
53	50	0.112208
53	51	-0.349506
53	52	0.275733
53	53	1.01792
54	0	-0.0540005
54	1	-0.160133
54	2	0.345746
54	3	-0.167843
54	4	-0.184207
54	5	-0.320897
54	6	-0.426679
54	7	0.649111
54	8	0.702473
54	9	0.281353
54	10	-0.0136723
54	11	0.21693
54	12	-0.593159
54	13	-0.700957
54	14	-0.500439
54	15	-0.232091
54	16	0.169829
54	17	0.214012
54	18	-0.121506
54	19	0.112497
54	20	0.226971
54	21	0.0279706
54	22	0.196405
54	23	-0.0702308
54	24	0.157503
54	25	-0.0348228
54	26	0.429918
54	27	-0.486129
54	28	0.0187829
54	29	-0.752261
54	30	0.699958
54	31	-0.0201324
54	32	0.599301
54	33	0.186438
54	34	0.0395442
54	35	-0.0274154
54	36	-0.536057
54	37	0.462566
54	38	0.217364
54	39	0.491367
54	40	-0.250066
54	41	0.249597
54	42	0.114208
54	43	-0.382966
54	44	0.218338
54	45	1.19463
54	46	0.159327
54	47	0.0632133
54	48	0.741557
54	49	-0.0554706
54	50	-0.788118
54	51	0.48284
54	52	-0.262009
54	53	0.0773007
54	54	1.35577
55	0	0.278917
55	1	0.344806
55	2	-0.177728
55	3	-0.0713826
55	4	-0.172171
55	5	0.0608413
55	6	0.696311
55	7	-0.0211158
55	8	0.600912
55	9	0.362542
55	10	-0.47115
55	11	-0.480717
55	12	0.491382
55	13	0.537276
55	14	0.368747
55	15	0.738206
55	16	-0.0641044
55	17	0.705067
55	18	0.2487
55	19	0.0493283
55	20	-0.567074
55	21	0.11032
55	22	0.280155
55	23	-0.0297105
55	24	-0.104111
55	25	-0.0913585
55	26	0.182482
55	27	0.406198
55	28	0.217627
55	29	0.0633375
55	30	-0.280377
55	31	-0.248322
55	32	-0.186588
55	33	0.286992
55	34	0.0249424
55	35	-0.0310786
55	36	0.514981
55	37	-0.0363859
55	38	0.330658
55	39	0.0327806
55	40	-0.218977
55	41	-0.475573
55	42	0.377794
55	43	0.471569
55	44	0.367956
55	45	0.434214
55	46	0.734184
55	47	0.318003
55	48	0.0246016
55	49	-0.578121
55	50	-0.568689
55	51	0.299204
55	52	-0.0239631
55	53	-0.354204
55	54	0.0478346
55	55	1.53671
56	0	-0.0418989
56	1	-0.0470818
56	2	-0.350161
56	3	-0.0682133
56	4	-0.24514
56	5	-0.207722
56	6	-0.220634
56	7	0.271199
56	8	-0.50485
56	9	-0.51898
56	10	0.432417
56	11	0.212603
56	12	0.100901
56	13	0.0458474
56	14	0.439401
56	15	0.164041
56	16	0.10829
56	17	-0.227329
56	18	-0.0595511
56	19	-0.253711
56	20	-0.502926
56	21	-0.0273948
56	22	0.504718
56	23	0.123754
56	24	0.00271598
56	25	-0.507226
56	26	-0.296644
56	27	-0.189869
56	28	-0.156839
56	29	-0.0589343
56	30	-0.101562
56	31	-0.201805
56	32	0.590978
56	33	-0.0406796
56	34	-0.238993
56	35	0.194626
56	36	-0.0384159
56	37	-0.140102
56	38	-0.0332199
56	39	-0.376853
56	40	-0.25694
56	41	0.562975
56	42	0.428426
56	43	-0.13662
56	44	-0.167098
56	45	0.243558
56	46	0.165418
56	47	0.27228
56	48	0.175871
56	49	-0.0620391
56	50	0.366685
56	51	0.135005
56	52	-0.09348
56	53	0.177218
56	54	-0.224907
56	55	-0.352127
56	56	0.746791
57	0	-0.31362
57	1	0.179977
57	2	0.358435
57	3	0.0651664
57	4	0.0891961
57	5	0.318743
57	6	-0.0169225
57	7	-0.069647
57	8	0.304202
57	9	0.229907
57	10	0.370591
57	11	-0.254743
57	12	-0.174927
57	13	-0.0853677
57	14	0.329033
57	15	5.7937e-05
57	16	-0.494544
57	17	-0.261617
57	18	-0.168215
57	19	0.446226
57	20	0.28964
57	21	0.212212
57	22	-0.112501
57	23	0.43837
57	24	-0.0506926
57	25	-0.0980808
57	26	-0.0687432
57	27	0.030215
57	28	-0.267579
57	29	-0.18382
57	30	0.483271
57	31	0.320277
57	32	0.247766
57	33	0.052931
57	34	-0.249164
57	35	0.0936756
57	36	-0.145781
57	37	-0.0183541
57	38	0.761041
57	39	0.270322
57	40	0.352335
57	41	0.118256
57	42	0.30445
57	43	0.223482
57	44	0.588809
57	45	-0.28092
57	46	-0.587757
57	47	0.257623
57	48	-0.0434361
57	49	0.203301
57	50	0.10045
57	51	-0.104192
57	52	-0.364252
57	53	-0.347327
57	54	0.218531
57	55	-0.44731
57	56	-0.0704564
57	57	0.912421
58	0	-0.144945
58	1	-0.108307
58	2	-0.059062
58	3	-0.138542
58	4	0.00732075
58	5	0.287994
58	6	0.396947
58	7	-0.020188
58	8	-0.378006
58	9	-0.452114
58	10	-0.0462362
58	11	-0.161276
58	12	0.351922
58	13	0.210854
58	14	0.486418
58	15	-0.0534117
58	16	0.0652185
58	17	0.163483
58	18	0.406892
58	19	0.263787
58	20	0.0521842
58	21	-0.503015
58	22	-0.328454
58	23	0.0627741
58	24	-0.251117
58	25	-0.213908
58	26	-0.177291
58	27	0.0510394
58	28	-0.210064
58	29	0.268373
58	30	0.0973613
58	31	0.0048886
58	32	-0.682131
58	33	-0.337541
58	34	-0.352534
58	35	-0.28629
58	36	0.224517
58	37	-0.24701
58	38	-0.306039
58	39	-0.187319
58	40	0.368852
58	41	0.283912
58	42	0.349442
58	43	-0.246024
58	44	0.43742
58	45	0.231786
58	46	-0.841212
58	47	0.199932
58	48	0.154786
58	49	-0.385963
58	50	0.395535
58	51	-0.368235
58	52	-0.248701
58	53	0.174253
58	54	-0.12961
58	55	0.0941996
58	56	0.180611
58	57	0.249049
58	58	1.07574
59	0	-0.143284
59	1	-0.24434
59	2	-0.0124083
59	3	-0.0964428
59	4	-0.285535
59	5	-0.580405
59	6	0.617906
59	7	0.0329594
59	8	0.337999
59	9	-0.100093
59	10	-0.0550105
59	11	-0.0954502
59	12	0.501342
59	13	0.40171
59	14	0.597796
59	15	0.645572
59	16	-0.0630813
59	17	-0.0121579
59	18	-0.145166
59	19	0.286881
59	20	-0.297529
59	21	0.470668
59	22	0.019374
59	23	0.0464683
59	24	-0.0513745
59	25	0.453434
59	26	0.206349
59	27	-0.187789
59	28	0.0017136
59	29	-0.45069
59	30	0.068361
59	31	0.157548
59	32	0.239541
59	33	0.218877
59	34	0.365687
59	35	-0.334291
59	36	0.273923
59	37	-0.236579
59	38	0.264708
59	39	-0.156336
59	40	-0.505713
59	41	0.0868002
59	42	-0.0124761
59	43	0.0710866
59	44	-0.375333
59	45	-0.197902
59	46	0.658202
59	47	0.481292
59	48	-0.159157
59	49	0.112884
59	50	0.189851
59	51	0.572387
59	52	0.379621
59	53	-0.132734
59	54	0.154679
59	55	0.936572
59	56	-0.142442
59	57	-0.0129515
59	58	-0.481428
59	59	0.87935
