363
    0.1463    0.0474   -0.0972
   -0.0896   -0.4783    0.1469
   -0.3487   -0.2505    0.2202
     0.181   -0.3613     0.333
   -0.1282    0.4068    0.0018
    0.2768   -0.4763    0.1468
   -0.1814    0.0333   -0.0908
    -0.245   -0.3584   -0.0221
   -0.0938    0.0741   -0.0404
    0.2346   -0.0405    0.2915
   -0.3511    0.3306    -0.067
   -0.0047   -0.1805    0.3718
    -0.001   -0.4575    0.3339
   -0.1115   -0.3584   -0.0707
    0.0899    -0.276     0.373
   -0.2956    0.2726   -0.1397
   -0.4142   -0.2346    0.1167
   -0.2726    -0.182   -0.1168
     -0.35    0.2739    -0.237
    0.3291   -0.1776   -0.1045
   -0.1716    0.1044    0.1509
    0.4025    -0.177    0.0497
   -0.3512   -0.2515   -0.0374
   -0.1809   -0.4905    0.0405
   -0.4566   -0.0002    0.1435
   -0.0043    0.0091    0.2676
   -0.4934    0.0902    0.1426
   -0.2779    0.1815   -0.0286
   -0.0809   -0.3612    -0.136
    0.1162    0.0476   -0.0972
    0.1825   -0.0881    -0.153
   -0.1831    0.2656     0.052
    -0.366    0.0187    0.3171
    0.1813   -0.1802    0.3594
    0.1802   -0.0896      0.33
   -0.4549    0.2621    0.1427
   -0.2328    0.2053    0.1646
   -0.3229   -0.1219    0.2893
   -0.0918    0.2905   -0.0373
   -0.3355    0.2904   -0.3093
   -0.2761    0.2869    0.0437
    0.1785   -0.4811   -0.0507
    -0.189   -0.3596    0.2469
    0.1806    0.0831   -0.0476
    0.0037   -0.3479   -0.2052
    0.3447    0.0002    0.1426
   -0.4764    0.1828    0.1433
    0.1376   -0.3226   -0.1933
   -0.3384    0.3603   -0.3263
   -0.2957    0.3629   -0.3389
   -0.0928    -0.273    0.2701
    0.2681   -0.0924   -0.1232
    0.3838   -0.0883     0.144
   -0.0036   -0.3573    0.3251
    0.0878   -0.4605   -0.1424
   -0.3032    0.4269   -0.3489
   -0.2646    0.2792    0.1448
    0.0899   -0.4638    0.2315
    0.3981   -0.1761    0.1433
   -0.2715    0.0026     0.257
    0.0055    0.0729    0.2213
    0.3109    0.0386    0.1739
   -0.4203   -0.1666    0.2093
   -0.2867    0.3237   -0.0579
   -0.0833   -0.0979    0.2982
   -0.3018    0.2873   -0.2318
   -0.4426   -0.1781    0.0455
      -0.5    0.0845     0.141
   -0.3689     0.228      0.29
    0.3903   -0.0871    0.0496
   -0.0099    0.3487   -0.0658
   -0.0931   -0.0881   -0.1457
     0.251    0.0641    0.2099
    0.4265   -0.4189    0.1379
   -0.2737   -0.0901   -0.1167
   -0.1804    0.0869   -0.0475
    0.3519   -0.1803    0.2391
       0.5   -0.2988    0.0853
   -0.2723   -0.2699    0.2388
    0.3518   -0.4186    0.2018
    0.3504   -0.4268   -0.0146
     0.432   -0.3497   -0.0144
     0.473   -0.3603    0.0483
    0.1758    -0.487    0.0278
    0.2643   -0.4457    -0.042
    0.4323   -0.3001    0.1967
   -0.2593   -0.4573    0.3008
    -0.474    0.0905    0.0493
   -0.2847    0.0162   -0.0804
   -0.0312    0.3081   -0.0396
   -0.0913    0.0019    0.2482
    0.2055    -0.176   -0.1806
   -0.0905   -0.3563    0.2607
   -0.3739    0.2764   -0.0436
   -0.3211    0.2065    0.2839
   -0.4462    0.0091    0.2361
   -0.0029   -0.1804   -0.2378
    0.0488    0.4213   -0.1639
   -0.0047     0.496   -0.1199
   -0.0109    0.0401   -0.0883
    0.0986   -0.3847    -0.186
    0.1709   -0.4825    0.1626
   -0.1866   -0.2824   -0.0806
   -0.1041   -0.1934    0.2798
    0.0048    0.4501    -0.137
    0.3618   -0.4488    0.1474
     -0.44   -0.1799    0.1421
   -0.1848   -0.2716    0.2665
   -0.2751    0.1792    0.2378
    0.4598   -0.2647    0.1422
    -0.114   -0.4814   -0.1907
   -0.0001   -0.4626    0.1438
   -0.1874   -0.1735     0.293
    -0.284   -0.4605    0.2414
    0.2682   -0.3563   -0.1324
   -0.3615    0.4158    -0.264
   -0.2682   -0.1688    0.2955
   -0.1967    -0.103    0.2916
    0.1615   -0.2659   -0.1986
    0.2412   -0.4308   -0.1115
    0.1491    0.1369    0.1138
    0.0799   -0.0228    0.2906
   -0.1074    0.2921    0.0196
    0.4991   -0.3167    0.1011
    0.2713    -0.268   -0.1445
    0.3638   -0.4555    0.0484
   -0.2805    0.2576    0.2239
    0.2467   -0.0339   -0.1038
   -0.2235    0.2452    0.1093
   -0.0509   -0.3247   -0.1921
   -0.0894    0.3593   -0.0527
   -0.1948   -0.4753     0.173
    0.2542    0.0638   -0.0273
    -0.315    0.1481    0.2902
   -0.1822    0.2727   -0.0267
   -0.2846     0.265   -0.0393
     -0.32   -0.4699    0.2252
   -0.2673    -0.236    -0.099
    0.4706   -0.3582    0.1469
    0.2727   -0.4821    0.0477
   -0.0433   -0.3458    0.2834
    0.1527   -0.1222   -0.1965
    0.1522    0.1369    0.0727
    0.0842    0.1288    0.0376
    0.0881   -0.1121    -0.208
    0.0905    0.0874   -0.0496
   -0.0015   -0.0904    0.3304
    0.0898   -0.2725   -0.2158
   -0.1671   -0.1866    0.2837
   -0.0658   -0.2594   -0.2071
   -0.2205   -0.3752    0.1323
    0.1611   -0.1845   -0.2018
   -0.1782    0.3492    0.0323
   -0.2601   -0.0173   -0.1049
    0.3117    0.0403    0.0084
   -0.3251   -0.3179     0.071
     0.114    0.1367    0.0703
   -0.3508     0.435   -0.3273
   -0.0913   -0.4636   -0.1544
   -0.3655   -0.2756    0.1465
   -0.3317    0.2226   -0.1075
    0.1894    0.1228    0.0414
   -0.0931     0.103    0.0475
    0.0009    0.1092     0.143
   -0.1663    0.1209    0.0433
   -0.2919    0.3908    -0.385
   -0.0993   -0.4688    0.2391
   -0.3607    0.1852   -0.0409
   -0.4296    0.0921   -0.0126
   -0.0888   -0.4624   -0.0498
    0.1779   -0.0046   -0.1122
   -0.0882    0.0367   -0.0857
    0.2738   -0.1788   -0.1417
    0.0913    0.0003   -0.1218
   -0.1836   -0.0889   -0.1314
   -0.0581   -0.1237   -0.2034
    0.3463    -0.094    0.2302
    0.0869   -0.4536    0.3123
   -0.2654   -0.3562    0.0495
    0.0929   -0.1718    0.3779
   -0.2799   -0.4692    0.0502
   -0.1709   -0.0763    0.2805
   -0.2779   -0.0609    0.2816
   -0.3648    0.3567   -0.1471
    0.0913    0.0841    0.2294
    0.2585   -0.0972    0.3051
   -0.1905   -0.4658   -0.0596
    0.1142    0.1368    0.1128
    0.3179    0.0457    0.0764
   -0.2854   -0.2124    0.2803
    0.0696     0.043   -0.0919
   -0.3648   -0.0006   -0.0453
    0.2984    -0.077    0.2723
   -0.0729   -0.3962    0.3074
   -0.0007   -0.4589    0.2263
   -0.4559   -0.0901    0.0481
   -0.0448   -0.3088    0.2841
   -0.3703   -0.0896   -0.0741
   -0.3253   -0.1521    0.2906
   -0.1818    0.0024    0.2476
    -0.092   -0.0064   -0.1153
   -0.2417   -0.3876     0.228
    -0.181   -0.3621   -0.0592
   -0.1403   -0.4048   -0.1014
    0.1896   -0.0333    0.2931
   -0.3095    0.3019    -0.316
   -0.2346    0.1947    0.0045
    0.0016    0.0767   -0.0449
   -0.0968   -0.2697   -0.1424
   -0.3648    0.0916   -0.0402
    0.0005    0.1133    0.0471
   -0.2698   -0.4645   -0.0366
    0.0003     -0.46   -0.0491
   -0.0854   -0.4734    0.0509
   -0.3779   -0.1838   -0.0652
    0.3222     -0.27   -0.1009
   -0.1724   -0.2436   -0.1015
     0.331   -0.0242     0.208
    0.3622   -0.3591   -0.0351
   -0.1998    0.0836    0.2109
   -0.3246   -0.3188    0.1097
    0.0912   -0.1825    -0.224
    0.3985   -0.2535    0.0205
    0.2742   -0.0003    0.2411
   -0.2219     0.144   -0.0055
   -0.0926    0.0912    0.1433
    0.0859    0.1273    0.1507
   -0.0898   -0.4566    0.3248
   -0.4367    0.0252    0.3045
   -0.2933   -0.3073    0.1728
   -0.3081   -0.3114    0.0106
    0.0897   -0.0844    0.3389
    0.2042   -0.2707   -0.1824
    0.2213   -0.4029     0.285
    0.0027    -0.112   -0.2135
    0.2697    -0.182    0.3148
   -0.1925   -0.4572    0.2958
   -0.4517    0.1816     0.049
    0.1824   -0.3592   -0.1742
   -0.2604   -0.3434    0.1456
   -0.3669   -0.0884    0.2593
   -0.2675   -0.1027    0.2946
    0.2787    0.0066   -0.0627
   -0.1103   -0.1806   -0.1525
   -0.0676    0.3798   -0.1047
    0.4997   -0.3184    0.0854
   -0.2064    0.1811    0.0477
   -0.0161    -0.384   -0.1812
   -0.2259   -0.3684    0.0938
   -0.1831   -0.1819   -0.1215
   -0.4248   -0.0942    0.2097
   -0.0019   -0.4618   -0.1464
    0.1819   -0.2717    0.3552
   -0.2695     0.089   -0.0457
   -0.4611     0.184    0.2396
   -0.2978    0.4175   -0.3851
   -0.2602    0.0947    0.2592
   -0.4177    0.1681    -0.006
    0.1876    0.1211    0.1476
    0.0917   -0.4619    -0.055
   -0.4279   -0.0942   -0.0205
    0.3637   -0.2721   -0.0452
    0.3708   -0.1794   -0.0465
   -0.0301    0.4512    -0.081
    -0.122    -0.291    -0.084
   -0.4472    0.0897    0.3175
    0.0839   -0.2365    0.3851
   -0.1435    0.4105   -0.0283
   -0.3685   -0.1833    0.2511
    0.2721    0.0794    0.1418
   -0.3282   -0.4746   -0.0187
    0.2719    0.0806    0.0493
   -0.2423    0.3266    0.0296
   -0.3298   -0.1155   -0.0986
    0.4294   -0.4209    0.0588
   -0.3608    0.1758     0.317
   -0.1137      0.35    0.0114
    -0.095    0.0589    0.2033
   -0.2214    0.1511    0.2005
    0.4583    -0.266    0.0478
   -0.0053   -0.2715    0.3452
   -0.2369    -0.496      0.13
   -0.0021   -0.2717   -0.2299
    0.0947   -0.4676    0.1418
    0.4301   -0.3484    0.2018
    0.0003   -0.4622    0.0488
     0.094    0.0181    0.2763
    0.4085   -0.2235    0.0887
    0.3073   -0.0669   -0.0884
    0.3354   -0.0181    -0.028
   -0.2742   -0.4626    0.1412
    0.4994   -0.2956    0.1068
   -0.0036   -0.0745   -0.1582
     0.431   -0.3056   -0.0074
    0.3611    -0.355    0.2208
    0.2309   -0.4329    0.2872
    -0.339   -0.4649    0.0466
   -0.4063   -0.2203     0.179
   -0.3135    0.2244   -0.0988
   -0.4367    0.2465    0.2234
    -0.365    0.2664   -0.1452
   -0.1774   -0.4701    0.2496
    0.1784    0.0813    0.2229
    0.3034   -0.2724    0.2777
   -0.4598   -0.0904    0.1435
    0.0156   -0.0301    0.2879
   -0.0759    -0.174     0.316
    0.3479    0.0008    0.0497
   -0.1735    0.3578   -0.0415
   -0.2992    0.3546   -0.2414
   -0.3603    0.2633    0.2406
   -0.3088    0.0361    0.3023
   -0.3612    0.0874    0.3447
    0.0897   -0.3603     0.352
    0.1763    0.0097    0.2656
   -0.3224   -0.4729     0.101
    -0.055   -0.2486    0.3006
    0.1795   -0.4459     0.298
   -0.0849     0.434   -0.0501
   -0.4221   -0.1695   -0.0189
   -0.0726    -0.182   -0.2148
   -0.3612    0.2891    0.0459
   -0.4847    0.0906    0.2372
    0.3121   -0.1793    0.2841
    -0.448   -0.0019    0.0464
    0.0035   -0.0029   -0.1206
    0.2054    0.0312   -0.0889
   -0.1075   -0.0562    0.2802
    0.0821    -0.347   -0.2014
   -0.4162   -0.2352     0.059
    0.4135   -0.4059   -0.0007
    0.0916   -0.4696    0.0495
    0.1823   -0.4791    0.2355
   -0.2739   -0.2794   -0.0542
    0.2597   -0.2704    0.3095
    0.0383   -0.1887    0.3825
    0.3252   -0.1229   -0.1008
    0.0492    0.3863   -0.1412
    -0.368   -0.2794    0.0466
    0.1782   -0.4516   -0.1348
   -0.1643   -0.4644   -0.1336
   -0.4319    0.1652    0.3123
   -0.3043    0.0841    0.3104
    0.0088    0.3767   -0.1203
   -0.3685   -0.0161    0.2522
   -0.2076    0.1705    0.1344
   -0.3617    0.2939    0.1433
   -0.1832   -0.0094   -0.1114
   -0.3023    0.3392   -0.1486
    0.3934   -0.2561    0.1707
    0.0944   -0.0707   -0.1576
   -0.4185   -0.0133    -0.009
   -0.3325   -0.1716   -0.1015
    0.3048   -0.3795   -0.0682
    0.2849   -0.3711     0.262
   -0.4385    0.2548    0.0578
    0.2637    -0.444    0.2411
    0.3558   -0.0912   -0.0467
    0.0768   -0.2046    0.3842
    -0.365    0.3692   -0.2349
   -0.0611    0.4305   -0.1073
    0.3539   -0.2725    0.2321
    0.2515   -0.3437    0.3044
